1	0.073
2	0.078
3	0.163
4	0.179
5	0.335
6	0.336
7	0.361
8	0.384
9	0.466
10	0.504
11	0.544
12	0.567
13	0.568
14	0.621
15	0.685
16	1.223
17	1.723
18	1.758
19	2.338
20	2.451
21	2.607
22	2.613
23	2.778
24	2.936
25	3.018
26	3.276
27	3.551
28	3.706
29	3.708
30	4.065
31	4.499
32	5.037
33	5.037
34	5.037
35	5.037
36	5.037
37	5.193
38	5.193
39	5.193
40	5.193
41	5.275
42	5.275
43	5.275
44	5.275
45	5.275
46	5.275
47	5.275
48	5.813
49	6.241
50	6.271
51	6.768
52	6.865
53	7.021
54	7.026
55	7.168
56	7.303
57	7.385
58	7.607
59	7.843
60	7.976
61	7.978
62	8.284
63	8.656
64	9.194
65	9.726
66	9.763
67	10.38
68	10.5
69	10.611
70	10.617
71	10.793
72	10.961
73	11.019
74	11.294
75	11.587
76	11.752
77	11.754
78	12.134
79	12.596
80	12.978
81	13.505
82	13.542
83	14.153
84	14.272
85	14.428
86	14.434
87	14.608
88	14.774
89	14.856
90	15.128
91	15.418
92	15.581
93	15.583
94	15.959
95	16.416
96	16.954
97	17.335
98	17.361
99	17.802
100	17.888
101	18.044
102	18.048
103	18.174
104	18.294
105	18.376
106	18.573
107	18.783
108	18.901
109	18.903
110	19.175
111	19.506
112	20.044
113	20.431
114	20.458
115	20.907
116	20.994
117	21.15
118	21.154
119	21.282
120	21.404
121	21.486
122	21.686
123	21.899
124	22.019
125	22.021
126	22.298
127	22.634
128	23.172
129	23.704
130	23.741
131	24.358
132	24.478
133	24.61
134	24.616
135	24.792
136	24.96
137	25.03
138	25.305
139	25.598
140	25.763
141	25.765
142	26.145
143	26.607
144	27.063
145	27.358
146	27.378
147	27.72
148	27.787
149	27.943
150	27.946
151	28.044
152	28.137
153	28.219
154	28.372
155	28.534
156	28.626
157	28.627
158	28.838
159	29.094
160	29.632
161	29.911
162	29.93
163	30.254
164	30.317
165	30.473
166	30.476
167	30.569
168	30.657
169	30.739
170	30.883
171	31.037
172	31.124
173	31.125
174	31.325
175	31.567
176	32.105
177	32.495
178	32.522
179	32.974
180	33.062
181	33.218
182	33.222
183	33.351
184	33.474
185	33.556
186	33.758
187	33.973
188	34.094
189	34.096
190	34.375
191	34.714
192	35.252
193	35.783
194	35.82
195	36.436
196	36.556
197	36.712
198	36.718
199	36.894
200	37.062
201	37.144
202	37.418
203	37.71
204	37.875
205	37.877
206	38.256
207	38.717
208	39.255
209	39.46
210	39.474
211	39.711
212	39.757
213	39.913
214	39.915
215	39.983
216	40.048
217	40.13
218	40.236
219	40.349
220	40.413
221	40.414
222	40.56
223	40.738
224	41.276
225	41.41
226	41.419
227	41.574
228	41.604
229	41.76
230	41.761
231	41.806
232	41.848
233	41.93
234	41.999
235	42.072
236	42.114
237	42.115
238	42.211
239	42.327
240	42.865
241	43.397
242	43.434
243	44.051
244	44.171
245	44.171
246	44.177
247	44.353
248	44.521
249	44.521
250	44.796
251	45.089
252	45.254
253	45.256
254	45.636
255	46.098
256	46.098
257	46.098
258	46.098
259	46.098
260	46.098
261	46.098
262	46.098
263	46.098
264	46.098
265	46.098
266	46.098
267	46.098
268	46.098
269	46.098
270	46.098
271	46.098
272	46.098
273	46.098
274	46.098
275	46.098
276	46.098
277	46.098
278	46.098
279	46.098
280	46.098
281	46.098
282	46.098
283	46.098
284	46.098
285	46.098
286	46.098
287	46.098
288	46.098
289	46.098
290	46.098
291	46.098
292	46.098
293	46.098
294	46.098
295	46.098
296	46.098
297	46.098
298	46.098
299	46.098
300	46.098
301	46.098
302	46.098
303	46.098
304	46.098
305	46.098
306	46.098
307	46.098
308	46.098
309	46.098
310	46.098
311	46.098
312	46.098
313	46.098
314	46.098
315	46.098
316	46.098
317	46.098
318	46.098
319	46.098
320	46.098
321	46.098
322	46.098
323	46.098
324	46.098
325	46.098
326	46.098
327	46.098
328	46.098
329	46.098
330	46.098
331	46.098
332	46.098
333	46.098
334	46.098
335	46.098
336	46.098
337	46.098
338	46.098
339	46.098
340	46.098
341	46.098
342	46.098
343	46.098
344	46.098
345	46.098
346	46.098
347	46.098
348	46.098
349	46.098
350	46.098
351	46.098
352	46.098
353	46.098
354	46.098
355	46.098
356	46.098
357	46.098
358	46.098
359	46.098
360	46.098
361	46.098
362	46.098
363	46.098
364	46.098
365	46.098
366	46.098
367	46.098
368	46.098
369	46.098
370	46.098
371	46.098
372	46.098
373	46.098
374	46.098
375	46.098
376	46.098
377	46.098
378	46.098
379	46.098
380	46.098
381	46.098
382	46.098
383	46.098
384	46.098
385	46.098
386	46.098
387	46.098
388	46.098
389	46.098
390	46.098
391	46.098
392	46.098
393	46.098
394	46.098
395	46.098
396	46.098
397	46.098
398	46.098
399	46.098
400	46.098
401	46.098
402	46.098
403	46.098
404	46.098
405	46.098
406	46.098
407	46.098
408	46.098
409	46.098
410	46.098
411	46.098
412	46.098
413	46.098
414	46.098
415	46.098
416	46.098
417	46.098
418	46.098
419	46.098
420	46.098
421	46.098
422	46.098
423	46.098
424	46.098
425	46.098
426	46.098
427	46.098
428	46.098
429	46.098
430	46.098
431	46.098
432	46.098
433	46.098
434	46.098
435	46.098
436	46.098
437	46.098
438	46.098
439	46.098
440	46.098
441	46.098
442	46.098
443	46.098
444	46.098
445	46.098
446	46.098
447	46.098
448	46.098
449	46.098
450	46.098
451	46.098
452	46.098
453	46.098
454	46.098
455	46.098
456	46.098
457	46.098
458	46.098
459	46.098
460	46.098
461	46.098
462	46.098
463	46.098
464	46.098
465	46.098
466	46.098
467	46.098
468	46.098
469	46.098
470	46.098
471	46.098
472	46.098
473	46.098
474	46.098
475	46.098
476	46.098
477	46.098
478	46.098
479	46.098
480	46.098
481	46.098
482	46.098
483	46.098
484	46.098
485	46.098
486	46.098
487	46.098
488	46.098
489	46.098
490	46.098
491	46.098
492	46.098
493	46.098
494	46.098
495	46.098
496	46.098
497	46.098
498	46.098
499	46.098
500	46.098
501	46.098
502	46.098
503	46.098
504	46.098
505	46.098
506	46.098
507	46.098
508	46.098
509	46.098
510	46.098
511	46.098
512	46.098
513	46.098
514	46.098
515	46.098
516	46.098
517	46.098
518	46.098
519	46.098
520	46.098
521	46.098
522	46.098
523	46.098
524	46.098
525	46.098
526	46.098
527	46.098
528	46.098
529	46.098
530	46.098
531	46.098
532	46.098
533	46.098
534	46.098
535	46.098
536	46.098
537	46.098
538	46.098
539	46.098
540	46.098
541	46.098
542	46.098
543	46.098
544	46.098
545	46.098
546	46.098
547	46.098
548	46.098
549	46.098
550	46.098
551	46.098
552	46.098
553	46.098
554	46.098
555	46.098
556	46.098
557	46.098
558	46.098
559	46.098
560	46.098
561	46.098
562	46.098
563	46.098
564	46.098
565	46.098
566	46.098
567	46.098
568	46.098
569	46.098
570	46.098
571	46.098
572	46.098
573	46.098
574	46.098
575	46.098
576	46.098
577	46.098
578	46.098
579	46.098
580	46.098
581	46.098
582	46.098
583	46.098
584	46.098
585	46.098
586	46.098
587	46.098
588	46.098
589	46.098
590	46.098
591	46.098
592	46.098
593	46.098
594	46.098
595	46.098
596	46.098
597	46.098
598	46.098
599	46.098
600	46.098
601	46.098
602	46.098
603	46.098
604	46.098
605	46.098
606	46.098
607	46.098
608	46.098
609	46.098
610	46.098
611	46.098
612	46.098
613	46.098
614	46.098
615	46.098
616	46.098
617	46.098
618	46.098
619	46.098
620	46.098
621	46.098
622	46.098
623	46.098
624	46.098
625	46.098
626	46.098
627	46.098
628	46.098
629	46.098
630	46.098
631	46.098
632	46.098
633	46.098
634	46.098
635	46.098
636	46.098
637	46.098
638	46.098
639	46.098
640	46.098
641	46.098
642	46.098
643	46.098
644	46.098
645	46.098
646	46.098
647	46.098
648	46.098
649	46.098
650	46.098
651	46.098
652	46.098
653	46.098
654	46.098
655	46.098
656	46.098
657	46.098
658	46.098
659	46.098
660	46.098
661	46.098
662	46.098
663	46.098
664	46.098
665	46.098
666	46.098
667	46.098
668	46.098
669	46.098
670	46.098
671	46.098
672	46.098
673	46.098
674	46.098
675	46.098
676	46.098
677	46.098
678	46.098
679	46.098
680	46.098
681	46.098
682	46.098
683	46.098
684	46.098
685	46.098
686	46.098
687	46.098
688	46.098
689	46.098
690	46.098
691	46.098
692	46.098
693	46.098
694	46.098
695	46.098
696	46.098
697	46.098
698	46.098
699	46.098
700	46.098
701	46.098
702	46.098
703	46.098
704	46.098
705	46.098
706	46.098
707	46.098
708	46.098
709	46.098
710	46.098
711	46.098
712	46.098
713	46.098
714	46.098
715	46.098
716	46.098
717	46.098
718	46.098
719	46.098
720	46.098
721	46.098
722	46.098
723	46.098
724	46.098
725	46.098
726	46.098
727	46.098
728	46.098
729	46.098
730	46.098
731	46.098
732	46.098
733	46.098
734	46.098
735	46.098
736	46.098
737	46.098
738	46.098
739	46.098
740	46.098
741	46.098
742	46.098
743	46.098
744	46.098
745	46.098
746	46.098
747	46.098
748	46.098
749	46.098
750	46.098
751	46.098
752	46.098
753	46.098
754	46.098
755	46.098
756	46.098
757	46.098
758	46.098
759	46.098
760	46.098
761	46.098
762	46.098
763	46.098
764	46.098
765	46.098
766	46.098
767	46.098
768	46.098
769	46.098
770	46.098
771	46.098
772	46.098
773	46.098
774	46.098
775	46.098
776	46.098
777	46.098
778	46.098
779	46.098
780	46.098
781	46.098
782	46.098
783	46.098
784	46.098
785	46.098
786	46.098
787	46.098
788	46.098
789	46.098
790	46.098
791	46.098
792	46.098
793	46.098
794	46.098
795	46.098
796	46.098
797	46.098
798	46.098
799	46.098
800	46.098
801	46.098
802	46.098
803	46.098
804	46.098
805	46.098
806	46.098
807	46.098
808	46.098
809	46.098
810	46.098
811	46.098
812	46.098
813	46.098
814	46.098
815	46.098
816	46.098
817	46.098
818	46.098
819	46.098
820	46.098
821	46.098
822	46.098
823	46.098
824	46.098
825	46.098
826	46.098
827	46.098
828	46.098
829	46.098
830	46.098
831	46.098
832	46.098
833	46.098
834	46.098
835	46.098
836	46.098
837	46.098
838	46.098
839	46.098
840	46.098
841	46.098
842	46.098
843	46.098
844	46.098
845	46.098
846	46.098
847	46.098
848	46.098
849	46.098
850	46.098
851	46.098
852	46.098
853	46.098
854	46.098
855	46.098
856	46.098
857	46.098
858	46.098
859	46.098
860	46.098
861	46.098
862	46.098
863	46.098
864	46.098
865	46.098
866	46.098
867	46.098
868	46.098
869	46.098
870	46.098
871	46.098
872	46.098
873	46.098
874	46.098
875	46.098
876	46.098
877	46.098
878	46.098
879	46.098
880	46.098
881	46.098
882	46.098
883	46.098
884	46.098
885	46.098
886	46.098
887	46.098
888	46.098
889	46.098
890	46.098
891	46.098
892	46.098
893	46.098
894	46.098
895	46.098
896	46.098
897	46.098
898	46.098
899	46.098
900	46.098
901	46.098
902	46.098
903	46.098
904	46.098
905	46.098
906	46.098
907	46.098
908	46.098
909	46.098
910	46.098
911	46.098
912	46.098
913	46.098
914	46.098
915	46.098
916	46.098
917	46.098
918	46.098
919	46.098
920	46.098
921	46.098
922	46.098
923	46.098
924	46.098
925	46.098
926	46.098
927	46.098
928	46.098
929	46.098
930	46.098
931	46.098
932	46.098
933	46.098
934	46.098
935	46.098
936	46.098
937	46.098
938	46.098
939	46.098
940	46.098
941	46.098
942	46.098
943	46.098
944	46.098
945	46.098
946	46.098
947	46.098
948	46.098
949	46.098
950	46.098
951	46.098
952	46.098
953	46.098
954	46.098
955	46.098
956	46.098
957	46.098
958	46.098
959	46.098
960	46.098
961	46.098
962	46.098
963	46.098
964	46.098
965	46.098
966	46.098
967	46.098
968	46.098
969	46.098
970	46.098
971	46.098
972	46.098
973	46.098
974	46.098
975	46.098
976	46.098
977	46.098
978	46.098
979	46.098
980	46.098
981	46.098
982	46.098
983	46.098
984	46.098
985	46.098
986	46.098
987	46.098
988	46.098
989	46.098
990	46.098
991	46.098
992	46.098
993	46.098
994	46.098
995	46.098
996	46.098
997	46.098
998	46.098
999	46.098
1000	46.098
1001	46.098
1002	46.098
1003	46.098
1004	46.098
1005	46.098
1006	46.098
1007	46.098
1008	46.098
1009	46.098
1010	46.098
1011	46.098
1012	46.098
1013	46.098
1014	46.098
1015	46.098
1016	46.098
1017	46.098
1018	46.098
1019	46.098
1020	46.098
1021	46.098
1022	46.098
1023	46.098
1024	46.098
1025	46.098
1026	46.098
1027	46.098
1028	46.098
1029	46.098
1030	46.098
1031	46.098
1032	46.098
1033	46.098
1034	46.098
1035	46.098
1036	46.098
1037	46.098
1038	46.098
1039	46.098
1040	46.098
1041	46.098
1042	46.098
1043	46.098
1044	46.098
1045	46.098
1046	46.098
1047	46.098
1048	46.098
1049	46.098
1050	46.098
1051	46.098
1052	46.098
1053	46.098
1054	46.098
1055	46.098
1056	46.098
1057	46.098
1058	46.098
1059	46.098
1060	46.098
1061	46.098
1062	46.098
1063	46.098
1064	46.098
1065	46.098
1066	46.098
1067	46.098
1068	46.098
1069	46.098
1070	46.098
1071	46.098
1072	46.098
1073	46.098
1074	46.098
1075	46.098
1076	46.098
1077	46.098
1078	46.098
1079	46.098
1080	46.098
1081	46.098
1082	46.098
1083	46.098
1084	46.098
1085	46.098
1086	46.098
1087	46.098
1088	46.098
1089	46.098
1090	46.098
1091	46.098
1092	46.098
1093	46.098
1094	46.098
1095	46.098
1096	46.098
1097	46.098
1098	46.098
1099	46.098
1100	46.098
1101	46.098
1102	46.098
1103	46.098
1104	46.098
1105	46.098
1106	46.098
1107	46.098
1108	46.098
1109	46.098
1110	46.098
1111	46.098
1112	46.098
1113	46.098
1114	46.098
1115	46.098
1116	46.098
1117	46.098
1118	46.098
1119	46.098
1120	46.098
1121	46.098
1122	46.098
1123	46.098
1124	46.098
1125	46.098
1126	46.098
1127	46.098
1128	46.098
1129	46.098
1130	46.098
1131	46.098
1132	46.098
1133	46.098
1134	46.098
1135	46.098
1136	46.098
1137	46.098
1138	46.098
1139	46.098
1140	46.098
1141	46.098
1142	46.098
1143	46.098
1144	46.098
1145	46.098
1146	46.098
1147	46.098
1148	46.098
1149	46.098
1150	46.098
1151	46.098
1152	46.098
1153	46.098
1154	46.098
1155	46.098
1156	46.098
1157	46.098
1158	46.098
1159	46.098
1160	46.098
1161	46.098
1162	46.098
1163	46.098
1164	46.098
1165	46.098
1166	46.098
1167	46.098
1168	46.098
1169	46.098
1170	46.098
1171	46.098
1172	46.098
1173	46.098
1174	46.098
1175	46.098
1176	46.098
1177	46.098
1178	46.098
1179	46.098
1180	46.098
1181	46.098
1182	46.098
1183	46.098
1184	46.098
1185	46.098
1186	46.098
1187	46.098
1188	46.098
1189	46.098
1190	46.098
1191	46.098
1192	46.098
1193	46.098
1194	46.098
1195	46.098
1196	46.098
1197	46.098
1198	46.098
1199	46.098
1200	46.098
1201	46.098
1202	46.098
1203	46.098
1204	46.098
1205	46.098
1206	46.098
1207	46.098
1208	46.098
1209	46.098
1210	46.098
1211	46.098
1212	46.098
1213	46.098
1214	46.098
1215	46.098
1216	46.098
1217	46.098
1218	46.098
1219	46.098
1220	46.098
1221	46.098
1222	46.098
1223	46.098
1224	46.098
1225	46.098
1226	46.098
1227	46.098
1228	46.098
1229	46.098
1230	46.098
1231	46.098
1232	46.098
1233	46.098
1234	46.098
1235	46.098
1236	46.098
1237	46.098
1238	46.098
1239	46.098
1240	46.098
1241	46.098
1242	46.098
1243	46.098
1244	46.098
1245	46.098
1246	46.098
1247	46.098
1248	46.098
1249	46.098
1250	46.098
1251	46.098
1252	46.098
1253	46.098
1254	46.098
1255	46.098
1256	46.098
1257	46.098
1258	46.098
1259	46.098
1260	46.098
1261	46.098
1262	46.098
1263	46.098
1264	46.098
1265	46.098
1266	46.098
1267	46.098
1268	46.098
1269	46.098
1270	46.098
1271	46.098
1272	46.098
1273	46.098
1274	46.098
1275	46.098
1276	46.098
1277	46.098
1278	46.098
1279	46.098
1280	46.098
1281	46.098
1282	46.098
1283	46.098
1284	46.098
1285	46.098
1286	46.098
1287	46.098
1288	46.098
1289	46.098
1290	46.098
1291	46.098
1292	46.098
1293	46.098
1294	46.098
1295	46.098
1296	46.098
1297	46.098
1298	46.098
1299	46.098
1300	46.098
1301	46.098
1302	46.098
1303	46.098
1304	46.098
1305	46.098
1306	46.098
1307	46.098
1308	46.098
1309	46.098
1310	46.098
1311	46.098
1312	46.098
1313	46.098
1314	46.098
1315	46.098
1316	46.098
1317	46.098
1318	46.098
1319	46.098
1320	46.098
1321	46.098
1322	46.098
1323	46.098
1324	46.098
1325	46.098
1326	46.098
1327	46.098
1328	46.098
1329	46.098
1330	46.098
1331	46.098
1332	46.098
1333	46.098
1334	46.098
1335	46.098
1336	46.098
1337	46.098
1338	46.098
1339	46.098
1340	46.098
1341	46.098
1342	46.098
1343	46.098
1344	46.098
1345	46.098
1346	46.098
1347	46.098
1348	46.098
1349	46.098
1350	46.098
1351	46.098
1352	46.098
1353	46.098
1354	46.098
1355	46.098
1356	46.098
1357	46.098
1358	46.098
1359	46.098
1360	46.098
1361	46.098
1362	46.098
1363	46.098
1364	46.098
1365	46.098
1366	46.098
1367	46.098
1368	46.098
1369	46.098
1370	46.098
1371	46.098
1372	46.098
1373	46.098
1374	46.098
1375	46.098
1376	46.098
1377	46.098
1378	46.098
1379	46.098
1380	46.098
1381	46.098
1382	46.098
1383	46.098
1384	46.098
1385	46.098
1386	46.098
1387	46.098
1388	46.098
1389	46.098
1390	46.098
1391	46.098
1392	46.098
1393	46.098
1394	46.098
1395	46.098
1396	46.098
1397	46.098
1398	46.098
1399	46.098
1400	46.098
1401	46.098
1402	46.098
1403	46.098
1404	46.098
1405	46.098
1406	46.098
1407	46.098
1408	46.098
1409	46.098
1410	46.098
1411	46.098
1412	46.098
1413	46.098
1414	46.098
1415	46.098
1416	46.098
1417	46.098
1418	46.098
1419	46.098
1420	46.098
1421	46.098
1422	46.098
1423	46.098
1424	46.098
1425	46.098
1426	46.098
1427	46.098
1428	46.098
1429	46.098
1430	46.098
1431	46.098
1432	46.098
1433	46.098
1434	46.098
1435	46.098
1436	46.098
1437	46.098
1438	46.098
1439	46.098
1440	46.098
1441	46.098
1442	46.098
1443	46.098
1444	46.098
1445	46.098
1446	46.098
1447	46.098
1448	46.098
1449	46.098
1450	46.098
1451	46.098
1452	46.098
1453	46.098
1454	46.098
1455	46.098
1456	46.098
1457	46.098
1458	46.098
1459	46.098
1460	46.098
1461	46.098
1462	46.098
1463	46.098
1464	46.098
1465	46.098
1466	46.098
1467	46.098
1468	46.098
1469	46.098
1470	46.098
1471	46.098
1472	46.098
1473	46.098
1474	46.098
1475	46.098
1476	46.098
1477	46.098
1478	46.098
1479	46.098
1480	46.098
1481	46.098
1482	46.098
1483	46.098
1484	46.098
1485	46.098
1486	46.098
1487	46.098
1488	46.098
1489	46.098
1490	46.098
1491	46.098
1492	46.098
1493	46.098
1494	46.098
1495	46.098
1496	46.098
1497	46.098
1498	46.098
1499	46.098
1500	46.098
1501	46.098
1502	46.098
1503	46.098
1504	46.098
1505	46.098
1506	46.098
1507	46.098
1508	46.098
1509	46.098
1510	46.098
1511	46.098
1512	46.098
1513	46.098
1514	46.098
1515	46.098
1516	46.098
1517	46.098
1518	46.098
1519	46.098
1520	46.098
1521	46.098
1522	46.098
1523	46.098
1524	46.098
1525	46.098
1526	46.098
1527	46.098
1528	46.098
1529	46.098
1530	46.098
1531	46.098
1532	46.098
1533	46.098
1534	46.098
1535	46.098
1536	46.098
1537	46.098
1538	46.098
1539	46.098
1540	46.098
1541	46.098
1542	46.098
1543	46.098
1544	46.098
1545	46.098
1546	46.098
1547	46.098
1548	46.098
1549	46.098
1550	46.098
1551	46.098
1552	46.098
1553	46.098
1554	46.098
1555	46.098
1556	46.098
1557	46.098
1558	46.098
1559	46.098
1560	46.098
1561	46.098
1562	46.098
1563	46.098
1564	46.098
1565	46.098
1566	46.098
1567	46.098
1568	46.098
1569	46.098
1570	46.098
1571	46.098
1572	46.098
1573	46.098
1574	46.098
1575	46.098
1576	46.098
1577	46.098
1578	46.098
1579	46.098
1580	46.098
1581	46.098
1582	46.098
1583	46.098
1584	46.098
1585	46.098
1586	46.098
1587	46.098
1588	46.098
1589	46.098
1590	46.098
1591	46.098
1592	46.098
1593	46.098
1594	46.098
1595	46.098
1596	46.098
1597	46.098
1598	46.098
1599	46.098
1600	46.098
1601	46.098
1602	46.098
1603	46.098
1604	46.098
1605	46.098
1606	46.098
1607	46.098
1608	46.098
1609	46.098
1610	46.098
1611	46.098
1612	46.098
1613	46.098
1614	46.098
1615	46.098
1616	46.098
1617	46.098
1618	46.098
1619	46.098
1620	46.098
1621	46.098
1622	46.098
1623	46.098
1624	46.098
1625	46.098
1626	46.098
1627	46.098
1628	46.098
1629	46.098
1630	46.098
1631	46.098
1632	46.098
1633	46.098
1634	46.098
1635	46.098
1636	46.098
1637	46.098
1638	46.098
1639	46.098
1640	46.098
1641	46.098
1642	46.098
1643	46.098
1644	46.098
1645	46.098
1646	46.098
1647	46.098
1648	46.098
1649	46.098
1650	46.098
1651	46.098
1652	46.098
1653	46.098
1654	46.098
1655	46.098
1656	46.098
1657	46.098
1658	46.098
1659	46.098
1660	46.098
1661	46.098
1662	46.098
1663	46.098
1664	46.098
1665	46.098
1666	46.098
1667	46.098
1668	46.098
1669	46.098
1670	46.098
1671	46.098
1672	46.098
1673	46.098
1674	46.098
1675	46.098
1676	46.098
1677	46.098
1678	46.098
1679	46.098
1680	46.098
1681	46.098
1682	46.098
1683	46.098
1684	46.098
1685	46.098
1686	46.098
1687	46.098
1688	46.098
1689	46.098
1690	46.098
1691	46.098
1692	46.098
1693	46.098
1694	46.098
1695	46.098
1696	46.098
1697	46.098
1698	46.098
1699	46.098
1700	46.098
1701	46.098
1702	46.098
1703	46.098
1704	46.098
1705	46.098
1706	46.098
1707	46.098
1708	46.098
1709	46.098
1710	46.098
1711	46.098
1712	46.098
1713	46.098
1714	46.098
1715	46.098
1716	46.098
1717	46.098
1718	46.098
1719	46.098
1720	46.098
1721	46.098
1722	46.098
1723	46.098
1724	46.098
1725	46.098
1726	46.098
1727	46.098
1728	46.098
1729	46.098
1730	46.098
1731	46.098
1732	46.098
1733	46.098
1734	46.098
1735	46.098
1736	46.098
1737	46.098
1738	46.098
1739	46.098
1740	46.098
1741	46.098
1742	46.098
1743	46.098
1744	46.098
1745	46.098
1746	46.098
1747	46.098
1748	46.098
1749	46.098
1750	46.098
1751	46.098
1752	46.098
1753	46.098
1754	46.098
1755	46.098
1756	46.098
1757	46.098
1758	46.098
1759	46.098
1760	46.098
1761	46.098
1762	46.098
1763	46.098
1764	46.098
1765	46.098
1766	46.098
1767	46.098
1768	46.098
1769	46.098
1770	46.098
1771	46.098
1772	46.098
1773	46.098
1774	46.098
1775	46.098
1776	46.098
1777	46.098
1778	46.098
1779	46.098
1780	46.098
1781	46.098
1782	46.098
1783	46.098
1784	46.098
1785	46.098
1786	46.098
1787	46.098
1788	46.098
1789	46.098
1790	46.098
1791	46.098
1792	46.098
1793	46.098
1794	46.098
1795	46.098
1796	46.098
1797	46.098
1798	46.098
1799	46.098
1800	46.098
1801	46.098
1802	46.098
1803	46.098
1804	46.098
1805	46.098
1806	46.098
1807	46.098
1808	46.098
1809	46.098
1810	46.098
1811	46.098
1812	46.098
1813	46.098
1814	46.098
1815	46.098
1816	46.098
1817	46.098
1818	46.098
1819	46.098
1820	46.098
1821	46.098
1822	46.098
1823	46.098
1824	46.098
1825	46.098
1826	46.098
1827	46.098
1828	46.098
1829	46.098
1830	46.098
1831	46.098
1832	46.098
1833	46.098
1834	46.098
1835	46.098
1836	46.098
1837	46.098
1838	46.098
1839	46.098
1840	46.098
1841	46.098
1842	46.098
1843	46.098
1844	46.098
1845	46.098
1846	46.098
1847	46.098
1848	46.098
1849	46.098
1850	46.098
1851	46.098
1852	46.098
1853	46.098
1854	46.098
1855	46.098
1856	46.098
1857	46.098
1858	46.098
1859	46.098
1860	46.098
1861	46.098
1862	46.098
1863	46.098
1864	46.098
1865	46.098
1866	46.098
1867	46.098
1868	46.098
1869	46.098
1870	46.098
1871	46.098
1872	46.098
1873	46.098
1874	46.098
1875	46.098
1876	46.098
1877	46.098
1878	46.098
1879	46.098
1880	46.098
1881	46.098
1882	46.098
1883	46.098
1884	46.098
1885	46.098
1886	46.098
1887	46.098
1888	46.098
1889	46.098
1890	46.098
1891	46.098
1892	46.098
1893	46.098
1894	46.098
1895	46.098
1896	46.098
1897	46.098
1898	46.098
1899	46.098
1900	46.098
1901	46.098
1902	46.098
1903	46.098
1904	46.098
1905	46.098
1906	46.098
1907	46.098
1908	46.098
1909	46.098
1910	46.098
1911	46.098
1912	46.098
1913	46.098
1914	46.098
1915	46.098
1916	46.098
1917	46.098
1918	46.098
1919	46.098
1920	46.098
1921	46.098
1922	46.098
1923	46.098
1924	46.098
1925	46.098
1926	46.098
1927	46.098
1928	46.098
1929	46.098
1930	46.098
1931	46.098
1932	46.098
1933	46.098
1934	46.098
1935	46.098
1936	46.098
1937	46.098
1938	46.098
1939	46.098
1940	46.098
1941	46.098
1942	46.098
1943	46.098
1944	46.098
1945	46.098
1946	46.098
1947	46.098
1948	46.098
1949	46.098
1950	46.098
1951	46.098
1952	46.098
1953	46.098
1954	46.098
1955	46.098
1956	46.098
1957	46.098
1958	46.098
1959	46.098
1960	46.098
1961	46.098
1962	46.098
1963	46.098
1964	46.098
1965	46.098
1966	46.098
1967	46.098
1968	46.098
1969	46.098
1970	46.098
1971	46.098
1972	46.098
1973	46.098
1974	46.098
1975	46.098
1976	46.098
1977	46.098
1978	46.098
1979	46.098
1980	46.098
1981	46.098
1982	46.098
1983	46.098
1984	46.098
1985	46.098
1986	46.098
1987	46.098
1988	46.098
1989	46.098
1990	46.098
1991	46.098
1992	46.098
1993	46.098
1994	46.098
1995	46.098
1996	46.098
1997	46.098
1998	46.098
1999	46.098
2000	46.098
