1	0.0
2	1.0
3	1.0
4	2.0
5	2.0
6	2.03
7	2.39
8	3.03
9	3.11
10	3.11
11	3.11
12	3.16
13	3.42
14	3.65
15	3.75
16	4.11
17	4.75
18	4.85
19	5.37
20	6.12
21	6.15
22	6.53
23	6.66
24	6.79
25	6.99
26	7.32
27	7.41
28	7.5
29	7.55
30	7.59
31	7.84
32	7.99
33	8.06
34	8.15
35	8.59
36	8.61
37	8.98
38	9.57
39	9.65
40	9.91
41	10.06
42	10.19
43	10.71
44	11.17
45	11.21
46	11.37
47	11.39
48	11.48
49	11.64
50	11.87
51	11.89
52	11.95
53	11.96
54	11.99
55	12.16
56	12.22
57	12.3
58	12.37
59	12.58
60	12.59
61	12.84
62	13.42
63	13.51
64	13.68
65	14.19
66	14.31
67	14.62
68	14.72
69	14.8
70	15.03
71	15.34
72	15.44
73	15.8
74	15.87
75	16.01
76	16.17
77	16.29
78	16.35
79	16.4
80	16.4
81	16.48
82	16.74
83	16.82
84	16.96
85	16.97
86	16.97
87	17.04
88	17.17
89	17.22
90	17.22
91	17.27
92	17.59
93	17.64
94	17.79
95	18.1
96	18.31
97	18.4
98	18.59
99	18.68
100	18.98
101	19.5
102	19.53
103	19.72
104	19.98
105	19.98
106	20.18
107	20.24
108	20.43
109	20.61
110	20.75
111	20.93
112	21.02
113	21.04
114	21.19
115	21.5
116	21.6
117	21.67
118	21.88
119	21.89
120	21.92
121	22.05
122	22.13
123	22.25
124	22.34
125	22.34
126	22.4
127	22.45
128	22.47
129	22.53
130	22.59
131	22.85
132	22.91
133	23.04
134	23.36
135	23.48
136	23.51
137	23.56
138	23.64
139	23.79
140	24.07
141	24.13
142	24.21
143	24.49
144	24.56
145	24.68
146	24.85
147	24.99
148	25.2
149	25.46
150	25.56
151	25.65
152	25.72
153	25.79
154	25.96
155	26.1
156	26.28
157	26.65
158	26.78
159	26.78
160	27.0
161	27.04
162	27.12
163	27.24
164	27.24
165	27.33
166	27.42
167	27.47
168	27.64
169	27.73
170	27.73
171	27.74
172	27.9
173	27.91
174	28.0
175	28.11
176	28.11
177	28.18
178	28.29
179	28.65
180	28.67
181	28.73
182	28.92
183	29.01
184	29.13
185	29.2
186	29.21
187	29.29
188	29.45
189	29.57
190	29.62
191	29.67
192	29.71
193	29.87
194	29.91
195	30.0
196	30.0
197	30.03
198	30.18
199	30.26
200	30.33
201	30.44
202	30.44
203	30.51
204	30.64
205	30.79
206	31.03
207	31.1
208	31.12
209	31.29
210	31.3
211	31.45
212	31.59
213	31.7
214	31.73
215	31.84
216	32.0
217	32.14
218	32.26
219	32.32
220	32.38
221	32.42
222	32.53
223	32.76
224	32.8
225	32.92
226	32.94
227	32.99
228	33.12
229	33.35
230	33.38
231	33.43
232	33.5
233	33.55
234	33.54
235	33.68
236	33.92
237	34.02
238	34.18
239	34.38
240	34.44
241	34.6
242	34.69
243	34.78
244	34.89
245	35.1
246	35.21
247	35.37
248	35.44
249	35.56
250	35.79
251	35.82
252	35.84
253	35.87
254	35.87
255	35.92
256	36.06
257	36.09
258	36.17
259	36.17
260	36.19
261	36.27
262	36.37
263	36.41
264	36.43
265	36.43
266	36.45
267	36.59
268	36.77
269	36.77
270	36.9
271	36.94
272	36.94
273	37.03
274	37.04
275	37.04
276	37.13
277	37.19
278	37.19
279	37.31
280	37.33
281	37.33
282	37.47
283	37.51
284	37.51
285	37.66
286	37.66
287	37.68
288	37.77
289	37.81
290	37.83
291	37.88
292	37.94
293	38.14
294	38.19
295	38.31
296	38.59
297	38.71
298	38.84
299	39.11
300	39.18
301	39.35
302	39.54
303	39.61
304	39.62
305	39.62
306	39.67
307	39.74
308	39.86
309	39.88
310	39.95
311	40.15
312	40.2
313	40.24
314	40.32
315	40.37
316	40.47
317	40.58
318	40.65
319	40.83
320	40.98
321	40.97
322	41.03
323	41.1
324	41.16
325	41.31
326	41.35
327	41.34
328	41.4
329	41.42
330	41.42
331	41.55
332	41.58
333	41.58
334	41.62
335	41.76
336	41.86
337	41.99
338	42.01
339	42.08
340	42.23
341	42.24
342	42.28
343	42.31
344	42.31
345	42.39
346	42.51
347	42.52
348	42.67
349	42.72
350	42.72
351	42.75
352	42.86
353	42.86
354	43.02
355	43.05
356	43.05
357	43.16
358	43.23
359	43.23
360	43.22
361	43.35
362	43.48
363	43.56
364	43.65
365	43.75
366	43.83
367	43.94
368	43.99
369	44.12
370	44.26
371	44.27
372	44.31
373	44.35
374	44.37
375	44.43
376	44.45
377	44.57
378	44.67
379	44.7
380	44.73
381	44.82
382	44.87
383	44.88
384	44.98
385	44.99
386	45.07
387	45.14
388	45.22
389	45.26
390	45.35
391	45.45
392	45.45
393	45.52
394	45.53
395	45.53
396	45.65
397	45.7
398	45.7
399	45.78
400	45.85
401	45.85
402	45.92
403	45.92
404	46.0
405	46.0
406	46.04
407	46.11
408	46.16
409	46.17
410	46.18
411	46.28
412	46.3
413	46.3
414	46.34
415	46.35
416	46.36
417	46.42
418	46.45
419	46.45
420	46.53
421	46.53
422	46.55
423	46.61
424	46.61
425	46.62
426	46.66
427	46.67
428	46.75
429	46.86
430	46.86
431	47.02
432	47.1
433	47.13
434	47.14
435	47.18
436	47.3
437	47.42
438	47.51
439	47.65
440	47.78
441	47.92
442	48.02
443	48.22
444	48.19
445	48.27
446	48.49
447	48.67
448	48.75
449	48.85
450	48.84
451	48.99
452	49.05
453	49.13
454	49.15
455	49.15
456	49.19
457	49.32
458	49.38
459	49.44
460	49.5
461	49.55
462	49.57
463	49.64
464	49.67
465	49.7
466	49.8
467	49.94
468	50.03
469	50.12
470	50.21
471	50.26
472	50.3
473	50.37
474	50.44
475	50.56
476	50.58
477	50.62
478	50.68
479	50.7
480	50.76
481	50.82
482	50.83
483	50.85
484	50.89
485	50.97
486	50.97
487	51.0
488	51.08
489	51.07
490	51.17
491	51.18
492	51.25
493	51.34
494	51.35
495	51.43
496	51.51
497	51.51
498	51.53
499	51.57
500	51.57
501	51.72
502	51.76
503	51.76
504	51.85
505	51.91
506	51.91
507	52.0
508	52.04
509	52.13
510	52.18
511	52.19
512	52.24
513	52.35
514	52.35
515	52.35
516	52.42
517	52.52
518	52.54
519	52.63
520	52.76
521	52.79
522	52.86
523	52.99
524	53.0
525	53.12
526	53.22
527	53.26
528	53.27
529	53.43
530	53.46
531	53.45
532	53.53
533	53.53
534	53.63
535	53.64
536	53.64
537	53.77
538	53.83
539	53.86
540	53.95
541	54.02
542	54.09
543	54.14
544	54.14
545	54.19
546	54.24
547	54.28
548	54.31
549	54.45
550	54.5
551	54.51
552	54.49
553	54.49
554	54.5
555	54.57
556	54.59
557	54.59
558	54.69
559	54.7
560	54.7
561	54.75
562	54.78
563	54.81
564	54.86
565	54.89
566	54.92
567	54.97
568	54.97
569	54.98
570	55.02
571	55.02
572	55.03
573	55.11
574	55.12
575	55.12
576	55.17
577	55.17
578	55.17
579	55.21
580	55.21
581	55.24
582	55.27
583	55.27
584	55.29
585	55.36
586	55.37
587	55.38
588	55.44
589	55.44
590	55.5
591	55.56
592	55.56
593	55.59
594	55.57
595	55.57
596	55.58
597	55.7
598	55.7
599	55.7
600	55.79
601	55.79
602	55.79
603	55.9
604	56.02
605	56.07
606	56.06
607	56.19
608	56.22
609	56.33
610	56.47
611	56.47
612	56.5
613	56.58
614	56.61
615	56.64
616	56.7
617	56.71
618	56.8
619	56.84
620	56.85
621	56.88
622	56.94
623	56.95
624	57.0
625	57.02
626	57.02
627	57.11
628	57.17
629	57.2
630	57.24
631	57.28
632	57.29
633	57.38
634	57.39
635	57.52
636	57.59
637	57.59
638	57.62
639	57.72
640	57.73
641	57.76
642	57.81
643	57.82
644	57.95
645	58.0
646	58.01
647	58.01
648	58.05
649	58.08
650	58.14
651	58.19
652	58.22
653	58.35
654	58.42
655	58.43
656	58.57
657	58.57
658	58.58
659	58.58
660	58.64
661	58.67
662	58.79
663	58.81
664	58.81
665	58.93
666	58.94
667	58.95
668	59.09
669	59.16
670	59.19
671	59.26
672	59.31
673	59.37
674	59.46
675	59.55
676	59.55
677	59.55
678	59.54
679	59.55
680	59.6
681	59.65
682	59.69
683	59.82
684	59.91
685	59.94
686	59.99
687	60.02
688	60.06
689	60.12
690	60.16
691	60.22
692	60.32
693	60.37
694	60.43
695	60.44
696	60.49
697	60.53
698	60.56
699	60.58
700	60.7
701	60.7
702	60.75
703	60.93
704	60.93
705	60.94
706	61.1
707	61.1
708	61.19
709	61.3
710	61.3
711	61.31
712	61.41
713	61.41
714	61.57
715	61.65
716	61.65
717	61.69
718	61.77
719	61.79
720	61.88
721	61.96
722	61.99
723	62.08
724	62.2
725	62.2
726	62.25
727	62.31
728	62.31
729	62.38
730	62.42
731	62.42
732	62.5
733	62.56
734	62.56
735	62.53
736	62.59
737	62.61
738	62.68
739	62.72
740	62.72
741	62.8
742	62.84
743	62.84
744	62.88
745	62.92
746	63.0
747	63.05
748	63.07
749	63.11
750	63.07
751	63.12
752	63.16
753	63.27
754	63.31
755	63.33
756	63.39
757	63.4
758	63.41
759	63.49
760	63.51
761	63.51
762	63.54
763	63.55
764	63.56
765	63.56
766	63.58
767	63.58
768	63.61
769	63.62
770	63.62
771	63.63
772	63.65
773	63.67
774	63.59
775	63.6
776	63.63
777	63.67
778	63.69
779	63.69
780	63.71
781	63.72
782	63.72
783	63.75
784	63.76
785	63.76
786	63.85
787	63.85
788	63.85
789	63.9
790	63.9
791	63.91
792	63.83
793	63.83
794	63.84
795	63.82
796	63.83
797	63.87
798	63.94
799	63.95
800	64.0
801	64.09
802	64.1
803	64.11
804	64.17
805	64.25
806	64.26
807	64.26
808	64.31
809	64.31
810	64.42
811	64.52
812	64.52
813	64.56
814	64.59
815	64.59
816	64.62
817	64.67
818	64.69
819	64.7
820	64.8
821	64.83
822	64.9
823	64.9
824	64.9
825	65.03
826	65.07
827	65.07
828	65.1
829	65.11
830	65.11
831	65.2
832	65.23
833	65.23
834	65.31
835	65.36
836	65.4
837	65.44
838	65.45
839	65.49
840	65.57
841	65.59
842	65.6
843	65.63
844	65.66
845	65.66
846	65.76
847	65.81
848	65.84
849	65.89
850	65.91
851	65.92
852	65.97
853	65.98
854	65.99
855	66.03
856	66.11
857	66.17
858	66.25
859	66.27
860	66.31
861	66.31
862	66.31
863	66.32
864	66.41
865	66.42
866	66.44
867	66.44
868	66.45
869	66.46
870	66.49
871	66.53
872	66.54
873	66.58
874	66.6
875	66.6
876	66.65
877	66.65
878	66.65
879	66.67
880	66.68
881	66.69
882	66.75
883	66.75
884	66.85
885	66.93
886	66.95
887	66.97
888	67.05
889	67.05
890	67.06
891	67.17
892	67.18
893	67.18
894	67.21
895	67.22
896	67.24
897	67.22
898	67.22
899	67.23
900	67.35
901	67.35
902	67.35
903	67.38
904	67.38
905	67.38
906	67.44
907	67.45
908	67.45
909	67.46
910	67.46
911	67.46
912	67.51
913	67.57
914	67.57
915	67.58
916	67.62
917	67.62
918	67.6
919	67.68
920	67.68
921	67.63
922	67.65
923	67.65
924	67.68
925	67.71
926	67.71
927	67.75
928	67.79
929	67.79
930	67.83
931	67.88
932	67.98
933	68.05
934	68.1
935	68.21
936	68.28
937	68.28
938	68.3
939	68.4
940	68.41
941	68.43
942	68.54
943	68.57
944	68.59
945	68.58
946	68.59
947	68.59
948	68.75
949	68.77
950	68.77
951	68.83
952	68.87
953	68.87
954	68.92
955	68.92
956	68.92
957	68.97
958	69.02
959	69.03
960	68.99
961	69.03
962	69.04
963	69.05
964	69.07
965	69.08
966	69.07
967	69.07
968	69.07
969	69.21
970	69.24
971	69.24
972	69.33
973	69.34
974	69.36
975	69.44
976	69.44
977	69.45
978	69.53
979	69.53
980	69.55
981	69.54
982	69.59
983	69.59
984	69.72
985	69.75
986	69.75
987	69.73
988	69.73
989	69.73
990	69.74
991	69.74
992	69.8
993	69.81
994	69.83
995	69.91
996	69.99
997	70.03
998	70.04
999	70.09
1000	70.11
1001	70.14
1002	70.13
1003	70.15
1004	70.17
1005	70.31
1006	70.31
1007	70.36
1008	70.38
1009	70.38
1010	70.52
1011	70.57
1012	70.57
1013	70.57
1014	70.62
1015	70.65
1016	70.75
1017	70.81
1018	70.83
1019	70.91
1020	70.92
1021	70.92
1022	71.0
1023	71.06
1024	71.06
1025	71.06
1026	71.09
1027	71.1
1028	71.15
1029	71.15
1030	71.19
1031	71.26
1032	71.27
1033	71.27
1034	71.37
1035	71.4
1036	71.48
1037	71.61
1038	71.69
1039	71.72
1040	71.72
1041	71.74
1042	71.8
1043	71.85
1044	71.85
1045	71.9
1046	71.95
1047	72.0
1048	72.01
1049	72.02
1050	72.06
1051	72.1
1052	72.16
1053	72.26
1054	72.28
1055	72.38
1056	72.44
1057	72.47
1058	72.52
1059	72.64
1060	72.74
1061	72.76
1062	72.83
1063	72.86
1064	72.87
1065	72.94
1066	73.0
1067	73.0
1068	72.99
1069	73.06
1070	73.06
1071	73.11
1072	73.21
1073	73.23
1074	73.27
1075	73.31
1076	73.36
1077	73.33
1078	73.41
1079	73.43
1080	73.48
1081	73.55
1082	73.57
1083	73.6
1084	73.68
1085	73.68
1086	73.74
1087	73.8
1088	73.8
1089	73.83
1090	73.9
1091	73.9
1092	73.93
1093	73.94
1094	74.01
1095	74.05
1096	74.08
1097	74.1
1098	74.13
1099	74.2
1100	74.21
1101	74.29
1102	74.33
1103	74.34
1104	74.34
1105	74.38
1106	74.38
1107	74.41
1108	74.5
1109	74.5
1110	74.56
1111	74.61
1112	74.62
1113	74.68
1114	74.69
1115	74.69
1116	74.72
1117	74.76
1118	74.76
1119	74.82
1120	74.83
1121	74.83
1122	74.88
1123	74.92
1124	74.92
1125	74.98
1126	75.03
1127	75.04
1128	75.13
1129	75.14
1130	75.14
1131	75.2
1132	75.23
1133	75.24
1134	75.24
1135	75.25
1136	75.25
1137	75.35
1138	75.37
1139	75.37
1140	75.47
1141	75.49
1142	75.49
1143	75.5
1144	75.53
1145	75.53
1146	75.58
1147	75.59
1148	75.59
1149	75.59
1150	75.59
1151	75.59
1152	75.63
1153	75.64
1154	75.64
1155	75.7
1156	75.71
1157	75.77
1158	75.84
1159	75.87
1160	75.9
1161	76.0
1162	76.01
1163	76.02
1164	76.06
1165	76.08
1166	76.08
1167	76.16
1168	76.19
1169	76.22
1170	76.23
1171	76.25
1172	76.28
1173	76.3
1174	76.32
1175	76.32
1176	76.32
1177	76.37
1178	76.37
1179	76.36
1180	76.36
1181	76.36
1182	76.41
1183	76.44
1184	76.47
1185	76.51
1186	76.52
1187	76.56
1188	76.62
1189	76.65
1190	76.65
1191	76.68
1192	76.72
1193	76.72
1194	76.7
1195	76.7
1196	76.71
1197	76.73
1198	76.74
1199	76.74
1200	76.77
1201	76.78
1202	76.79
1203	76.83
1204	76.84
1205	76.84
1206	76.99
1207	76.99
1208	76.99
1209	77.06
1210	77.12
1211	77.12
1212	77.07
1213	77.08
1214	77.1
1215	77.17
1216	77.2
1217	77.2
1218	77.15
1219	77.18
1220	77.18
1221	77.16
1222	77.18
1223	77.2
1224	77.12
1225	77.13
1226	77.16
1227	77.22
1228	77.22
1229	77.23
1230	77.26
1231	77.27
1232	77.27
1233	77.29
1234	77.31
1235	77.32
1236	77.41
1237	77.42
1238	77.42
1239	77.47
1240	77.48
1241	77.55
1242	77.53
1243	77.55
1244	77.57
1245	77.6
1246	77.64
1247	77.65
1248	77.75
1249	77.75
1250	77.76
1251	77.78
1252	77.8
1253	77.8
1254	77.96
1255	77.97
1256	77.97
1257	78.08
1258	78.1
1259	78.1
1260	78.26
1261	78.27
1262	78.27
1263	78.38
1264	78.38
1265	78.38
1266	78.45
1267	78.46
1268	78.46
1269	78.46
1270	78.47
1271	78.47
1272	78.5
1273	78.53
1274	78.53
1275	78.55
1276	78.59
1277	78.62
1278	78.62
1279	78.66
1280	78.67
1281	78.81
1282	78.81
1283	78.81
1284	78.78
1285	78.8
1286	78.8
1287	78.87
1288	78.88
1289	78.88
1290	78.92
1291	78.92
1292	78.93
1293	78.98
1294	79.0
1295	79.0
1296	79.05
1297	79.08
1298	79.08
1299	79.15
1300	79.15
1301	79.15
1302	79.17
1303	79.17
1304	79.17
1305	79.14
1306	79.15
1307	79.15
1308	79.21
1309	79.22
1310	79.22
1311	79.29
1312	79.3
1313	79.3
1314	79.35
1315	79.35
1316	79.36
1317	79.4
1318	79.48
1319	79.5
1320	79.49
1321	79.5
1322	79.5
1323	79.58
1324	79.6
1325	79.61
1326	79.63
1327	79.64
1328	79.64
1329	79.66
1330	79.66
1331	79.77
1332	79.79
1333	79.79
1334	79.81
1335	79.8
1336	79.82
1337	79.83
1338	79.81
1339	79.81
1340	79.81
1341	79.88
1342	79.91
1343	79.91
1344	79.92
1345	79.94
1346	79.94
1347	79.98
1348	80.01
1349	80.07
1350	80.11
1351	80.12
1352	80.15
1353	80.15
1354	80.16
1355	80.18
1356	80.15
1357	80.17
1358	80.19
1359	80.22
1360	80.22
1361	80.22
1362	80.25
1363	80.28
1364	80.28
1365	80.37
1366	80.38
1367	80.38
1368	80.45
1369	80.45
1370	80.45
1371	80.5
1372	80.55
1373	80.55
1374	80.57
1375	80.58
1376	80.59
1377	80.66
1378	80.68
1379	80.69
1380	80.74
1381	80.76
1382	80.76
1383	80.74
1384	80.76
1385	80.77
1386	80.8
1387	80.8
1388	80.8
1389	80.82
1390	80.84
1391	80.84
1392	80.92
1393	80.93
1394	80.93
1395	80.97
1396	80.97
1397	80.97
1398	80.95
1399	80.96
1400	80.96
1401	81.02
1402	81.02
1403	81.02
1404	81.06
1405	81.07
1406	81.07
1407	81.1
1408	81.13
1409	81.13
1410	81.16
1411	81.19
1412	81.19
1413	81.27
1414	81.29
1415	81.29
1416	81.42
1417	81.42
1418	81.42
1419	81.43
1420	81.43
1421	81.43
1422	81.47
1423	81.49
1424	81.52
1425	81.54
1426	81.56
1427	81.57
1428	81.62
1429	81.64
1430	81.66
1431	81.74
1432	81.74
1433	81.74
1434	81.84
1435	81.85
1436	81.85
1437	81.88
1438	81.88
1439	81.88
1440	81.94
1441	81.99
1442	82.08
1443	82.07
1444	82.09
1445	82.11
1446	82.13
1447	82.13
1448	82.14
1449	82.21
1450	82.24
1451	82.25
1452	82.31
1453	82.32
1454	82.32
1455	82.31
1456	82.32
1457	82.32
1458	82.29
1459	82.3
1460	82.3
1461	82.28
1462	82.28
1463	82.28
1464	82.28
1465	82.28
1466	82.28
1467	82.32
1468	82.34
1469	82.34
1470	82.37
1471	82.37
1472	82.37
1473	82.41
1474	82.41
1475	82.41
1476	82.48
1477	82.48
1478	82.48
1479	82.51
1480	82.51
1481	82.51
1482	82.52
1483	82.56
1484	82.57
1485	82.59
1486	82.6
1487	82.6
1488	82.61
1489	82.61
1490	82.61
1491	82.71
1492	82.75
1493	82.78
1494	82.77
1495	82.8
1496	82.87
1497	82.92
1498	82.92
1499	82.95
1500	82.96
1501	82.96
1502	82.98
1503	83.04
1504	83.05
1505	83.06
1506	83.09
1507	83.1
1508	83.1
1509	83.12
1510	83.14
1511	83.14
1512	83.02
1513	83.03
1514	83.03
1515	83.06
1516	83.06
1517	83.07
1518	83.15
1519	83.18
1520	83.2
1521	83.22
1522	83.24
1523	83.25
1524	83.35
1525	83.35
1526	83.35
1527	83.44
1528	83.45
1529	83.46
1530	83.52
1531	83.53
1532	83.53
1533	83.57
1534	83.59
1535	83.6
1536	83.7
1537	83.73
1538	83.73
1539	83.79
1540	83.8
1541	83.8
1542	83.84
1543	83.84
1544	83.84
1545	83.94
1546	83.94
1547	83.94
1548	83.93
1549	83.93
1550	83.98
1551	84.06
1552	84.1
1553	84.12
1554	84.12
1555	84.13
1556	84.23
1557	84.24
1558	84.24
1559	84.26
1560	84.26
1561	84.27
1562	84.27
1563	84.37
1564	84.37
1565	84.37
1566	84.43
1567	84.48
1568	84.48
1569	84.51
1570	84.52
1571	84.52
1572	84.55
1573	84.56
1574	84.59
1575	84.68
1576	84.69
1577	84.69
1578	84.8
1579	84.8
1580	84.8
1581	84.84
1582	84.85
1583	84.85
1584	84.91
1585	84.91
1586	84.91
1587	84.98
1588	85.05
1589	85.05
1590	85.07
1591	85.1
1592	85.11
1593	85.14
1594	85.19
1595	85.2
1596	85.3
1597	85.32
1598	85.32
1599	85.48
1600	85.48
1601	85.48
1602	85.53
1603	85.53
1604	85.53
1605	85.57
1606	85.59
1607	85.59
1608	85.57
1609	85.58
1610	85.58
1611	85.64
1612	85.65
1613	85.65
1614	85.64
1615	85.65
1616	85.65
1617	85.69
1618	85.7
1619	85.7
1620	85.71
1621	85.72
1622	85.72
1623	85.76
1624	85.76
1625	85.76
1626	85.78
1627	85.82
1628	85.82
1629	85.9
1630	85.96
1631	85.96
1632	86.04
1633	86.05
1634	86.05
1635	86.1
1636	86.11
1637	86.11
1638	86.14
1639	86.16
1640	86.16
1641	86.19
1642	86.19
1643	86.2
1644	86.23
1645	86.24
1646	86.25
1647	86.36
1648	86.36
1649	86.36
1650	86.41
1651	86.41
1652	86.41
1653	86.53
1654	86.53
1655	86.53
1656	86.6
1657	86.63
1658	86.68
1659	86.8
1660	86.83
1661	86.86
1662	86.88
1663	86.89
1664	86.95
1665	86.93
1666	86.94
1667	87.07
1668	87.08
1669	87.09
1670	87.16
1671	87.19
1672	87.2
1673	87.2
1674	87.25
1675	87.29
1676	87.4
1677	87.45
1678	87.47
1679	87.51
1680	87.64
1681	87.66
1682	87.74
1683	87.83
1684	87.84
1685	87.84
1686	87.86
1687	87.86
1688	87.94
1689	87.92
1690	87.92
1691	88.01
1692	88.06
1693	88.07
1694	88.13
1695	88.22
1696	88.22
1697	88.27
1698	88.37
1699	88.37
1700	88.43
1701	88.44
1702	88.46
1703	88.49
1704	88.48
1705	88.49
1706	88.56
1707	88.6
1708	88.63
1709	88.7
1710	88.74
1711	88.75
1712	88.77
1713	88.74
1714	88.74
1715	88.74
1716	88.77
1717	88.77
1718	88.8
1719	88.9
1720	88.93
1721	88.96
1722	89.0
1723	89.02
1724	89.05
1725	89.11
1726	89.18
1727	89.2
1728	89.23
1729	89.3
1730	89.32
1731	89.33
1732	89.33
1733	89.33
1734	89.33
1735	89.34
1736	89.35
1737	89.4
1738	89.44
1739	89.44
1740	89.45
1741	89.5
1742	89.5
1743	89.55
1744	89.68
1745	89.68
1746	89.74
1747	89.8
1748	89.82
1749	89.86
1750	89.9
1751	89.9
1752	89.98
1753	90.04
1754	90.04
1755	90.03
1756	90.04
1757	90.04
1758	90.08
1759	90.09
1760	90.09
1761	90.08
1762	90.1
1763	90.1
1764	90.1
1765	90.12
1766	90.12
1767	90.15
1768	90.17
1769	90.17
1770	90.23
1771	90.28
1772	90.28
1773	90.31
1774	90.34
1775	90.34
1776	90.4
1777	90.43
1778	90.43
1779	90.45
1780	90.51
1781	90.51
1782	90.54
1783	90.58
1784	90.58
1785	90.59
1786	90.61
1787	90.61
1788	90.67
1789	90.73
1790	90.75
1791	90.76
1792	90.8
1793	90.8
1794	90.86
1795	90.91
1796	90.91
1797	90.94
1798	90.98
1799	90.98
1800	91.0
1801	91.04
1802	91.04
1803	91.04
1804	91.04
1805	91.08
1806	91.03
1807	91.04
1808	91.04
1809	91.13
1810	91.15
1811	91.17
1812	91.19
1813	91.22
1814	91.22
1815	91.31
1816	91.34
1817	91.34
1818	91.31
1819	91.33
1820	91.33
1821	91.39
1822	91.39
1823	91.39
1824	91.45
1825	91.47
1826	91.47
1827	91.52
1828	91.53
1829	91.53
1830	91.59
1831	91.59
1832	91.59
1833	91.6
1834	91.6
1835	91.6
1836	91.67
1837	91.68
1838	91.68
1839	91.69
1840	91.72
1841	91.76
1842	91.81
1843	91.84
1844	91.84
1845	91.9
1846	91.92
1847	91.92
1848	91.96
1849	91.98
1850	91.98
1851	92.04
1852	92.05
1853	92.05
1854	92.1
1855	92.1
1856	92.1
1857	92.12
1858	92.12
1859	92.12
1860	92.17
1861	92.2
1862	92.2
1863	92.32
1864	92.34
1865	92.34
1866	92.29
1867	92.29
1868	92.3
1869	92.34
1870	92.36
1871	92.36
1872	92.34
1873	92.34
1874	92.34
1875	92.43
1876	92.43
1877	92.43
1878	92.42
1879	92.43
1880	92.43
1881	92.38
1882	92.39
1883	92.39
1884	92.45
1885	92.45
1886	92.45
1887	92.43
1888	92.46
1889	92.46
1890	92.56
1891	92.56
1892	92.59
1893	92.69
1894	92.7
1895	92.72
1896	92.77
1897	92.77
1898	92.77
1899	92.8
1900	92.81
1901	92.81
1902	92.91
1903	92.93
1904	92.96
1905	92.94
1906	92.95
1907	92.96
1908	92.98
1909	92.99
1910	92.99
1911	93.08
1912	93.08
1913	93.08
1914	93.09
1915	93.09
1916	93.09
1917	93.05
1918	93.06
1919	93.06
1920	93.21
1921	93.22
1922	93.22
1923	93.22
1924	93.22
1925	93.22
1926	93.27
1927	93.27
1928	93.27
1929	93.32
1930	93.32
1931	93.32
1932	93.37
1933	93.37
1934	93.37
1935	93.4
1936	93.4
1937	93.4
1938	93.42
1939	93.42
1940	93.42
1941	93.46
1942	93.48
1943	93.48
1944	93.55
1945	93.64
1946	93.65
1947	93.69
1948	93.74
1949	93.74
1950	93.73
1951	93.75
1952	93.75
1953	93.81
1954	93.81
1955	93.82
1956	93.86
1957	93.87
1958	93.91
1959	93.93
1960	93.93
1961	93.93
1962	93.99
1963	93.99
1964	94.03
1965	94.04
1966	94.04
1967	94.08
1968	94.17
1969	94.19
1970	94.2
1971	94.17
1972	94.17
1973	94.17
1974	94.14
1975	94.15
1976	94.15
1977	94.13
1978	94.14
1979	94.14
1980	94.27
1981	94.29
1982	94.35
1983	94.43
1984	94.44
1985	94.48
1986	94.45
1987	94.45
1988	94.45
1989	94.48
1990	94.48
1991	94.5
1992	94.57
1993	94.57
1994	94.58
1995	94.62
1996	94.63
1997	94.66
1998	94.74
1999	94.74
2000	94.74
2001	94.78
2002	94.79
2003	94.79
2004	94.86
2005	94.87
2006	94.87
2007	94.93
2008	94.94
2009	94.94
2010	94.96
2011	94.98
2012	94.99
2013	95.0
2014	95.02
2015	95.02
2016	95.05
2017	95.06
2018	95.06
2019	95.1
2020	95.12
2021	95.12
2022	95.17
2023	95.17
2024	95.17
2025	95.2
2026	95.2
2027	95.2
2028	95.28
2029	95.3
2030	95.3
2031	95.33
2032	95.33
2033	95.33
2034	95.33
2035	95.34
2036	95.35
2037	95.41
2038	95.43
2039	95.43
2040	95.41
2041	95.41
2042	95.42
2043	95.42
2044	95.43
2045	95.43
2046	95.47
2047	95.47
2048	95.47
2049	95.58
2050	95.58
2051	95.58
2052	95.63
2053	95.63
2054	95.63
2055	95.64
2056	95.65
2057	95.65
2058	95.71
2059	95.71
2060	95.71
2061	95.75
2062	95.75
2063	95.75
2064	95.69
2065	95.7
2066	95.7
2067	95.75
2068	95.77
2069	95.77
2070	95.81
2071	95.85
2072	95.85
2073	95.84
2074	95.84
2075	95.84
2076	95.86
2077	95.87
2078	95.87
2079	95.91
2080	95.92
2081	95.92
2082	96.0
2083	96.01
2084	96.01
2085	96.05
2086	96.07
2087	96.07
2088	96.08
2089	96.11
2090	96.11
2091	96.13
2092	96.13
2093	96.13
2094	96.11
2095	96.11
2096	96.11
2097	96.2
2098	96.22
2099	96.23
2100	96.33
2101	96.37
2102	96.4
2103	96.43
2104	96.43
2105	96.44
2106	96.46
2107	96.46
2108	96.46
2109	96.53
2110	96.54
2111	96.54
2112	96.54
2113	96.54
2114	96.54
2115	96.59
2116	96.6
2117	96.61
2118	96.63
2119	96.63
2120	96.63
2121	96.65
2122	96.65
2123	96.66
2124	96.65
2125	96.65
2126	96.65
2127	96.69
2128	96.73
2129	96.73
2130	96.72
2131	96.72
2132	96.72
2133	96.73
2134	96.73
2135	96.73
2136	96.77
2137	96.77
2138	96.77
2139	96.81
2140	96.82
2141	96.82
2142	96.79
2143	96.8
2144	96.8
2145	96.83
2146	96.83
2147	96.83
2148	96.85
2149	96.87
2150	96.89
2151	96.94
2152	96.94
2153	96.96
2154	97.01
2155	97.01
2156	97.02
2157	96.99
2158	96.99
2159	96.99
2160	97.05
2161	97.05
2162	97.05
2163	97.13
2164	97.13
2165	97.13
2166	97.17
2167	97.2
2168	97.29
2169	97.33
2170	97.34
2171	97.34
2172	97.35
2173	97.35
2174	97.41
2175	97.48
2176	97.5
2177	97.55
2178	97.57
2179	97.57
2180	97.58
2181	97.67
2182	97.68
2183	97.69
2184	97.63
2185	97.63
2186	97.63
2187	97.62
2188	97.65
2189	97.66
2190	97.71
2191	97.74
2192	97.74
2193	97.74
2194	97.76
2195	97.77
2196	97.83
2197	97.84
2198	97.84
2199	97.85
2200	97.85
2201	97.85
2202	97.93
2203	97.94
2204	97.94
2205	98.02
2206	98.02
2207	98.02
2208	98.08
2209	98.08
2210	98.08
2211	98.13
2212	98.13
2213	98.13
2214	98.21
2215	98.21
2216	98.21
2217	98.23
2218	98.23
2219	98.23
2220	98.17
2221	98.17
2222	98.17
2223	98.21
2224	98.21
2225	98.21
2226	98.2
2227	98.21
2228	98.21
2229	98.18
2230	98.2
2231	98.2
2232	98.23
2233	98.25
2234	98.25
2235	98.33
2236	98.33
2237	98.33
2238	98.35
2239	98.35
2240	98.35
2241	98.37
2242	98.37
2243	98.37
2244	98.41
2245	98.41
2246	98.41
2247	98.41
2248	98.41
2249	98.41
2250	98.4
2251	98.42
2252	98.42
2253	98.49
2254	98.49
2255	98.49
2256	98.51
2257	98.51
2258	98.51
2259	98.48
2260	98.5
2261	98.5
2262	98.55
2263	98.57
2264	98.57
2265	98.63
2266	98.65
2267	98.66
2268	98.68
2269	98.71
2270	98.72
2271	98.74
2272	98.75
2273	98.79
2274	98.85
2275	98.86
2276	98.89
2277	98.95
2278	98.96
2279	98.96
2280	99.01
2281	99.02
2282	99.02
2283	99.07
2284	99.08
2285	99.08
2286	99.15
2287	99.16
2288	99.16
2289	99.19
2290	99.21
2291	99.21
2292	99.29
2293	99.29
2294	99.29
2295	99.28
2296	99.28
2297	99.28
2298	99.33
2299	99.34
2300	99.34
2301	99.38
2302	99.38
2303	99.38
2304	99.41
2305	99.41
2306	99.41
2307	99.44
2308	99.44
2309	99.44
2310	99.5
2311	99.5
2312	99.5
2313	99.55
2314	99.55
2315	99.55
2316	99.64
2317	99.64
2318	99.64
2319	99.63
2320	99.64
2321	99.64
2322	99.73
2323	99.75
2324	99.75
2325	99.79
2326	99.79
2327	99.79
2328	99.83
2329	99.83
2330	99.83
2331	99.8
2332	99.81
2333	99.81
2334	99.83
2335	99.84
2336	99.84
2337	99.88
2338	99.93
2339	99.93
2340	99.9
2341	99.92
2342	99.92
2343	99.88
2344	99.89
2345	99.89
2346	100.0
2347	100.0
2348	100.0
2349	100.04
2350	100.05
2351	100.05
2352	100.1
2353	100.1
2354	100.1
2355	100.1
2356	100.1
2357	100.1
2358	100.12
2359	100.12
2360	100.12
2361	100.11
2362	100.11
2363	100.11
2364	100.1
2365	100.1
2366	100.1
2367	100.12
2368	100.12
2369	100.12
2370	100.2
2371	100.21
2372	100.21
2373	100.16
2374	100.16
2375	100.16
2376	100.16
2377	100.16
2378	100.16
2379	100.16
2380	100.19
2381	100.2
2382	100.24
2383	100.24
2384	100.25
2385	100.29
2386	100.29
2387	100.29
2388	100.29
2389	100.29
2390	100.3
2391	100.31
2392	100.32
2393	100.32
2394	100.35
2395	100.36
2396	100.36
2397	100.38
2398	100.38
2399	100.38
2400	100.47
2401	100.47
2402	100.47
2403	100.46
2404	100.47
2405	100.47
2406	100.48
2407	100.49
2408	100.49
2409	100.55
2410	100.56
2411	100.56
2412	100.6
2413	100.6
2414	100.6
2415	100.6
2416	100.61
2417	100.61
2418	100.66
2419	100.66
2420	100.71
2421	100.78
2422	100.79
2423	100.81
2424	100.87
2425	100.88
2426	100.88
2427	100.87
2428	100.93
2429	100.93
2430	100.97
2431	100.98
2432	100.98
2433	101.03
2434	101.05
2435	101.05
2436	101.12
2437	101.13
2438	101.13
2439	101.18
2440	101.18
2441	101.24
2442	101.33
2443	101.34
2444	101.42
2445	101.54
2446	101.54
2447	101.55
2448	101.57
2449	101.57
2450	101.57
2451	101.55
2452	101.57
2453	101.57
2454	101.62
2455	101.62
2456	101.62
2457	101.64
2458	101.66
2459	101.66
2460	101.69
2461	101.69
2462	101.69
2463	101.67
2464	101.67
2465	101.67
2466	101.65
2467	101.66
2468	101.66
2469	101.64
2470	101.64
2471	101.64
2472	101.63
2473	101.65
2474	101.65
2475	101.65
2476	101.65
2477	101.65
2478	101.69
2479	101.69
2480	101.69
2481	101.72
2482	101.72
2483	101.72
2484	101.74
2485	101.74
2486	101.74
2487	101.76
2488	101.78
2489	101.78
2490	101.81
2491	101.81
2492	101.81
2493	101.82
2494	101.82
2495	101.86
2496	101.96
2497	101.96
2498	102.0
2499	102.03
2500	102.04
2501	102.06
2502	102.12
2503	102.12
2504	102.12
2505	102.14
2506	102.15
2507	102.15
2508	102.11
2509	102.12
2510	102.12
2511	102.15
2512	102.18
2513	102.19
2514	102.2
2515	102.22
2516	102.22
2517	102.28
2518	102.28
2519	102.28
2520	102.26
2521	102.26
2522	102.26
2523	102.26
2524	102.26
2525	102.26
2526	102.34
2527	102.34
2528	102.34
2529	102.38
2530	102.4
2531	102.41
2532	102.42
2533	102.44
2534	102.44
2535	102.47
2536	102.48
2537	102.48
2538	102.56
2539	102.58
2540	102.58
2541	102.61
2542	102.63
2543	102.63
2544	102.66
2545	102.66
2546	102.66
2547	102.72
2548	102.73
2549	102.73
2550	102.77
2551	102.78
2552	102.78
2553	102.84
2554	102.84
2555	102.84
2556	102.89
2557	102.89
2558	102.92
2559	102.9
2560	102.91
2561	102.95
2562	102.97
2563	102.99
2564	102.99
2565	102.99
2566	103.0
2567	103.02
2568	103.02
2569	103.02
2570	103.04
2571	103.11
2572	103.11
2573	103.11
2574	103.17
2575	103.18
2576	103.18
2577	103.19
2578	103.19
2579	103.19
2580	103.18
2581	103.18
2582	103.18
2583	103.24
2584	103.24
2585	103.24
2586	103.23
2587	103.23
2588	103.23
2589	103.27
2590	103.27
2591	103.27
2592	103.33
2593	103.33
2594	103.33
2595	103.3
2596	103.3
2597	103.3
2598	103.36
2599	103.36
2600	103.36
2601	103.31
2602	103.31
2603	103.31
2604	103.37
2605	103.37
2606	103.37
2607	103.49
2608	103.5
2609	103.5
2610	103.55
2611	103.56
2612	103.56
2613	103.63
2614	103.63
2615	103.63
2616	103.63
2617	103.63
2618	103.63
2619	103.66
2620	103.66
2621	103.66
2622	103.72
2623	103.75
2624	103.75
2625	103.75
2626	103.76
2627	103.76
2628	103.86
2629	103.86
2630	103.86
2631	103.9
2632	103.93
2633	103.93
2634	104.01
2635	104.02
2636	104.02
2637	104.07
2638	104.07
2639	104.07
2640	104.11
2641	104.12
2642	104.12
2643	104.15
2644	104.15
2645	104.17
2646	104.2
2647	104.22
2648	104.25
2649	104.37
2650	104.39
2651	104.39
2652	104.49
2653	104.49
2654	104.49
2655	104.56
2656	104.56
2657	104.56
2658	104.58
2659	104.58
2660	104.58
2661	104.64
2662	104.64
2663	104.64
2664	104.63
2665	104.64
2666	104.64
2667	104.64
2668	104.64
2669	104.66
2670	104.73
2671	104.73
2672	104.74
2673	104.86
2674	104.86
2675	104.86
2676	104.96
2677	104.97
2678	104.97
2679	105.06
2680	105.07
2681	105.07
2682	105.16
2683	105.16
2684	105.16
2685	105.24
2686	105.24
2687	105.24
2688	105.28
2689	105.28
2690	105.28
2691	105.29
2692	105.3
2693	105.3
2694	105.27
2695	105.29
2696	105.29
2697	105.38
2698	105.39
2699	105.39
2700	105.39
2701	105.4
2702	105.4
2703	105.42
2704	105.43
2705	105.43
2706	105.48
2707	105.49
2708	105.49
2709	105.56
2710	105.57
2711	105.57
2712	105.67
2713	105.67
2714	105.67
2715	105.7
2716	105.7
2717	105.7
2718	105.72
2719	105.75
2720	105.75
2721	105.77
2722	105.78
2723	105.78
2724	105.84
2725	105.85
2726	105.85
2727	105.93
2728	105.94
2729	105.94
2730	105.97
2731	105.98
2732	105.98
2733	106.01
2734	106.02
2735	106.02
2736	106.08
2737	106.09
2738	106.09
2739	106.04
2740	106.04
2741	106.04
2742	106.08
2743	106.1
2744	106.1
2745	106.09
2746	106.09
2747	106.09
2748	106.1
2749	106.1
2750	106.1
2751	106.13
2752	106.17
2753	106.17
2754	106.18
2755	106.18
2756	106.18
2757	106.24
2758	106.24
2759	106.24
2760	106.32
2761	106.32
2762	106.32
2763	106.29
2764	106.29
2765	106.29
2766	106.35
2767	106.36
2768	106.36
2769	106.42
2770	106.42
2771	106.42
2772	106.42
2773	106.42
2774	106.42
2775	106.48
2776	106.48
2777	106.48
2778	106.51
2779	106.51
2780	106.51
2781	106.55
2782	106.57
2783	106.61
2784	106.62
2785	106.65
2786	106.67
2787	106.62
2788	106.62
2789	106.63
2790	106.64
2791	106.64
2792	106.64
2793	106.67
2794	106.68
2795	106.68
2796	106.74
2797	106.74
2798	106.74
2799	106.8
2800	106.8
2801	106.8
2802	106.83
2803	106.84
2804	106.84
2805	106.91
2806	106.92
2807	106.92
2808	106.93
2809	106.93
2810	106.93
2811	106.94
2812	106.95
2813	106.97
2814	107.04
2815	107.06
2816	107.09
2817	107.05
2818	107.06
2819	107.07
2820	107.07
2821	107.07
2822	107.08
2823	107.1
2824	107.11
2825	107.11
2826	107.22
2827	107.24
2828	107.25
2829	107.22
2830	107.24
2831	107.24
2832	107.29
2833	107.3
2834	107.3
2835	107.35
2836	107.36
2837	107.36
2838	107.45
2839	107.45
2840	107.45
2841	107.5
2842	107.5
2843	107.5
2844	107.58
2845	107.59
2846	107.59
2847	107.6
2848	107.6
2849	107.6
2850	107.55
2851	107.58
2852	107.58
2853	107.6
2854	107.6
2855	107.6
2856	107.62
2857	107.63
2858	107.64
2859	107.71
2860	107.72
2861	107.73
2862	107.79
2863	107.8
2864	107.8
2865	107.8
2866	107.81
2867	107.81
2868	107.76
2869	107.76
2870	107.76
2871	107.91
2872	107.91
2873	107.91
2874	107.92
2875	107.93
2876	107.93
2877	107.99
2878	108.0
2879	108.0
2880	108.09
2881	108.09
2882	108.09
2883	108.09
2884	108.09
2885	108.09
2886	108.11
2887	108.12
2888	108.12
2889	108.17
2890	108.18
2891	108.23
2892	108.25
2893	108.25
2894	108.27
2895	108.3
2896	108.3
2897	108.3
2898	108.33
2899	108.33
2900	108.33
2901	108.33
2902	108.33
2903	108.33
2904	108.42
2905	108.42
2906	108.42
2907	108.45
2908	108.45
2909	108.45
2910	108.42
2911	108.42
2912	108.42
2913	108.45
2914	108.45
2915	108.45
2916	108.45
2917	108.45
2918	108.45
2919	108.51
2920	108.52
2921	108.52
2922	108.55
2923	108.55
2924	108.55
2925	108.63
2926	108.63
2927	108.63
2928	108.63
2929	108.63
2930	108.63
2931	108.6
2932	108.6
2933	108.6
2934	108.73
2935	108.73
2936	108.73
2937	108.8
2938	108.8
2939	108.8
2940	108.86
2941	108.86
2942	108.87
2943	108.92
2944	108.94
2945	108.95
2946	109.04
2947	109.1
2948	109.1
2949	109.11
2950	109.11
2951	109.11
2952	109.12
2953	109.15
2954	109.15
2955	109.24
2956	109.26
2957	109.26
2958	109.23
2959	109.24
2960	109.24
2961	109.28
2962	109.29
2963	109.29
2964	109.3
2965	109.31
2966	109.31
2967	109.36
2968	109.37
2969	109.37
2970	109.4
2971	109.4
2972	109.4
2973	109.44
2974	109.45
2975	109.45
2976	109.51
2977	109.54
2978	109.54
2979	109.64
2980	109.65
2981	109.65
2982	109.7
2983	109.7
2984	109.7
2985	109.71
2986	109.72
2987	109.72
2988	109.78
2989	109.79
2990	109.8
2991	109.8
2992	109.8
2993	109.81
2994	109.85
2995	109.85
2996	109.85
2997	109.92
2998	109.92
2999	109.92
3000	109.93
3001	109.93
3002	109.93
3003	109.94
3004	109.94
3005	109.97
3006	110.05
3007	110.05
3008	110.05
3009	110.04
3010	110.04
3011	110.09
3012	110.13
3013	110.13
3014	110.21
3015	110.22
3016	110.22
3017	110.22
3018	110.23
3019	110.23
3020	110.26
3021	110.37
3022	110.37
3023	110.45
3024	110.46
3025	110.47
3026	110.47
3027	110.49
3028	110.49
3029	110.51
3030	110.54
3031	110.54
3032	110.65
3033	110.67
3034	110.67
3035	110.76
3036	110.85
3037	110.85
3038	110.85
3039	110.88
3040	110.89
3041	110.91
3042	110.9
3043	110.9
3044	110.96
3045	110.99
3046	111.0
3047	111.09
3048	111.08
3049	111.08
3050	111.08
3051	111.13
3052	111.14
3053	111.19
3054	111.2
3055	111.22
3056	111.26
3057	111.31
3058	111.33
3059	111.42
3060	111.45
3061	111.45
3062	111.46
3063	111.51
3064	111.51
3065	111.51
3066	111.53
3067	111.54
3068	111.55
3069	111.58
3070	111.58
3071	111.61
3072	111.64
3073	111.65
3074	111.67
3075	111.72
3076	111.77
3077	111.78
3078	111.81
3079	111.81
3080	111.81
3081	111.89
3082	111.89
3083	111.9
3084	111.91
3085	111.95
3086	111.98
3087	112.0
3088	112.04
3089	112.07
3090	112.1
3091	112.12
3092	112.13
3093	112.11
3094	112.2
3095	112.2
3096	112.23
3097	112.24
3098	112.24
3099	112.19
3100	112.25
3101	112.25
3102	112.37
3103	112.43
3104	112.43
3105	112.44
3106	112.48
3107	112.48
3108	112.51
3109	112.56
3110	112.56
3111	112.63
3112	112.69
3113	112.69
3114	112.68
3115	112.71
3116	112.71
3117	112.78
3118	112.78
3119	112.78
3120	112.83
3121	112.89
3122	112.89
3123	112.95
3124	113.0
3125	113.0
3126	113.03
3127	113.04
3128	113.04
3129	113.09
3130	113.13
3131	113.13
3132	113.15
3133	113.22
3134	113.22
3135	113.16
3136	113.16
3137	113.17
3138	113.18
3139	113.18
3140	113.18
3141	113.19
3142	113.21
3143	113.25
3144	113.3
3145	113.35
3146	113.37
3147	113.4
3148	113.41
3149	113.45
3150	113.43
3151	113.45
3152	113.45
3153	113.59
3154	113.68
3155	113.68
3156	113.71
3157	113.77
3158	113.78
3159	113.85
3160	113.88
3161	113.88
3162	113.96
3163	113.98
3164	113.99
3165	114.06
3166	114.08
3167	114.13
3168	114.21
3169	114.21
3170	114.22
3171	114.22
3172	114.26
3173	114.27
3174	114.23
3175	114.26
3176	114.28
3177	114.35
3178	114.36
3179	114.37
3180	114.41
3181	114.41
3182	114.42
3183	114.43
3184	114.43
3185	114.43
3186	114.44
3187	114.47
3188	114.47
3189	114.49
3190	114.5
3191	114.5
3192	114.56
3193	114.58
3194	114.58
3195	114.56
3196	114.57
3197	114.57
3198	114.54
3199	114.57
3200	114.57
3201	114.62
3202	114.62
3203	114.62
3204	114.63
3205	114.64
3206	114.64
3207	114.68
3208	114.7
3209	114.76
3210	114.81
3211	114.84
3212	114.86
3213	114.85
3214	114.86
3215	114.86
3216	114.87
3217	114.9
3218	114.91
3219	114.95
3220	114.97
3221	114.97
3222	114.99
3223	114.99
3224	115.0
3225	115.02
3226	115.02
3227	115.03
3228	115.06
3229	115.06
3230	115.07
3231	115.14
3232	115.15
3233	115.16
3234	115.19
3235	115.21
3236	115.21
3237	115.31
3238	115.32
3239	115.32
3240	115.33
3241	115.33
3242	115.33
3243	115.37
3244	115.38
3245	115.38
3246	115.45
3247	115.45
3248	115.45
3249	115.48
3250	115.48
3251	115.48
3252	115.54
3253	115.54
3254	115.54
3255	115.52
3256	115.52
3257	115.52
3258	115.52
3259	115.52
3260	115.52
3261	115.53
3262	115.53
3263	115.54
3264	115.61
3265	115.61
3266	115.61
3267	115.66
3268	115.67
3269	115.67
3270	115.74
3271	115.75
3272	115.75
3273	115.76
3274	115.76
3275	115.76
3276	115.8
3277	115.8
3278	115.8
3279	115.79
3280	115.79
3281	115.79
3282	115.85
3283	115.85
3284	115.85
3285	115.86
3286	115.86
3287	115.86
3288	115.86
3289	115.86
3290	115.86
3291	115.88
3292	115.88
3293	115.88
3294	115.91
3295	115.91
3296	115.91
3297	115.95
3298	115.95
3299	115.95
3300	116.0
3301	116.0
3302	116.0
3303	116.06
3304	116.06
3305	116.06
3306	116.08
3307	116.09
3308	116.09
3309	116.08
3310	116.09
3311	116.09
3312	116.13
3313	116.18
3314	116.18
3315	116.13
3316	116.16
3317	116.16
3318	116.2
3319	116.21
3320	116.21
3321	116.16
3322	116.16
3323	116.16
3324	116.18
3325	116.18
3326	116.18
3327	116.29
3328	116.3
3329	116.3
3330	116.32
3331	116.32
3332	116.32
3333	116.36
3334	116.37
3335	116.37
3336	116.45
3337	116.45
3338	116.45
3339	116.46
3340	116.46
3341	116.46
3342	116.5
3343	116.5
3344	116.5
3345	116.53
3346	116.53
3347	116.61
3348	116.55
3349	116.55
3350	116.56
3351	116.63
3352	116.63
3353	116.66
3354	116.71
3355	116.71
3356	116.73
3357	116.73
3358	116.73
3359	116.73
3360	116.74
3361	116.74
3362	116.75
3363	116.72
3364	116.73
3365	116.73
3366	116.74
3367	116.74
3368	116.74
3369	116.75
3370	116.75
3371	116.8
3372	116.87
3373	116.87
3374	116.9
3375	116.94
3376	116.94
3377	116.95
3378	117.0
3379	117.0
3380	117.0
3381	116.93
3382	116.93
3383	116.94
3384	116.96
3385	116.96
3386	116.97
3387	116.99
3388	116.99
3389	116.99
3390	116.98
3391	116.98
3392	116.98
3393	117.04
3394	117.04
3395	117.04
3396	117.0
3397	117.0
3398	117.0
3399	117.07
3400	117.07
3401	117.07
3402	117.14
3403	117.14
3404	117.14
3405	117.2
3406	117.22
3407	117.22
3408	117.29
3409	117.3
3410	117.3
3411	117.4
3412	117.4
3413	117.4
3414	117.43
3415	117.43
3416	117.43
3417	117.49
3418	117.5
3419	117.5
3420	117.53
3421	117.53
3422	117.53
3423	117.54
3424	117.54
3425	117.54
3426	117.55
3427	117.55
3428	117.55
3429	117.58
3430	117.58
3431	117.58
3432	117.65
3433	117.65
3434	117.65
3435	117.68
3436	117.68
3437	117.68
3438	117.68
3439	117.68
3440	117.68
3441	117.68
3442	117.68
3443	117.68
3444	117.72
3445	117.72
3446	117.72
3447	117.78
3448	117.78
3449	117.78
3450	117.82
3451	117.82
3452	117.82
3453	117.79
3454	117.81
3455	117.82
3456	117.86
3457	117.87
3458	117.88
3459	117.96
3460	117.97
3461	117.97
3462	118.02
3463	118.04
3464	118.04
3465	118.05
3466	118.05
3467	118.05
3468	118.07
3469	118.09
3470	118.09
3471	118.13
3472	118.15
3473	118.15
3474	118.17
3475	118.17
3476	118.17
3477	118.22
3478	118.24
3479	118.24
3480	118.29
3481	118.32
3482	118.32
3483	118.32
3484	118.32
3485	118.32
3486	118.29
3487	118.29
3488	118.29
3489	118.3
3490	118.3
3491	118.3
3492	118.31
3493	118.31
3494	118.31
3495	118.28
3496	118.28
3497	118.28
3498	118.35
3499	118.35
3500	118.35
3501	118.41
3502	118.41
3503	118.41
3504	118.45
3505	118.47
3506	118.47
3507	118.43
3508	118.43
3509	118.43
3510	118.4
3511	118.4
3512	118.4
3513	118.47
3514	118.47
3515	118.47
3516	118.56
3517	118.56
3518	118.56
3519	118.6
3520	118.6
3521	118.6
3522	118.67
3523	118.67
3524	118.67
3525	118.63
3526	118.63
3527	118.63
3528	118.66
3529	118.66
3530	118.66
3531	118.64
3532	118.64
3533	118.64
3534	118.67
3535	118.67
3536	118.67
3537	118.73
3538	118.73
3539	118.73
3540	118.78
3541	118.78
3542	118.78
3543	118.81
3544	118.81
3545	118.81
3546	118.85
3547	118.87
3548	118.87
3549	118.87
3550	118.88
3551	118.88
3552	118.9
3553	118.9
3554	118.9
3555	118.89
3556	118.89
3557	118.89
3558	118.95
3559	118.99
3560	118.99
3561	119.1
3562	119.11
3563	119.11
3564	119.08
3565	119.08
3566	119.08
3567	119.15
3568	119.15
3569	119.15
3570	119.16
3571	119.16
3572	119.16
3573	119.16
3574	119.16
3575	119.16
3576	119.21
3577	119.21
3578	119.21
3579	119.24
3580	119.24
3581	119.24
3582	119.3
3583	119.3
3584	119.3
3585	119.3
3586	119.3
3587	119.3
3588	119.34
3589	119.34
3590	119.34
3591	119.38
3592	119.4
3593	119.4
3594	119.41
3595	119.43
3596	119.43
3597	119.44
3598	119.44
3599	119.44
3600	119.46
3601	119.46
3602	119.46
3603	119.49
3604	119.49
3605	119.49
3606	119.46
3607	119.51
3608	119.51
3609	119.52
3610	119.52
3611	119.52
3612	119.48
3613	119.49
3614	119.49
3615	119.49
3616	119.5
3617	119.55
3618	119.56
3619	119.56
3620	119.58
3621	119.6
3622	119.6
3623	119.63
3624	119.68
3625	119.68
3626	119.69
3627	119.69
3628	119.69
3629	119.69
3630	119.7
3631	119.7
3632	119.7
3633	119.74
3634	119.77
3635	119.77
3636	119.86
3637	119.86
3638	119.86
3639	119.9
3640	119.9
3641	119.9
3642	119.97
3643	119.97
3644	119.97
3645	120.04
3646	120.04
3647	120.04
3648	120.08
3649	120.09
3650	120.09
3651	120.15
3652	120.15
3653	120.15
3654	120.13
3655	120.13
3656	120.13
3657	120.15
3658	120.16
3659	120.16
3660	120.13
3661	120.13
3662	120.13
3663	120.14
3664	120.14
3665	120.14
3666	120.2
3667	120.2
3668	120.2
3669	120.26
3670	120.26
3671	120.26
3672	120.27
3673	120.27
3674	120.27
3675	120.27
3676	120.27
3677	120.27
3678	120.37
3679	120.39
3680	120.41
3681	120.38
3682	120.4
3683	120.42
3684	120.44
3685	120.44
3686	120.44
3687	120.49
3688	120.49
3689	120.49
3690	120.55
3691	120.55
3692	120.6
3693	120.68
3694	120.68
3695	120.75
3696	120.75
3697	120.75
3698	120.75
3699	120.81
3700	120.81
3701	120.81
3702	120.82
3703	120.82
3704	120.82
3705	120.86
3706	120.88
3707	120.88
3708	120.9
3709	120.93
3710	120.93
3711	120.98
3712	120.99
3713	120.99
3714	120.99
3715	120.99
3716	120.99
3717	121.07
3718	121.08
3719	121.08
3720	121.07
3721	121.08
3722	121.08
3723	121.11
3724	121.17
3725	121.2
3726	121.23
3727	121.26
3728	121.26
3729	121.32
3730	121.36
3731	121.36
3732	121.32
3733	121.32
3734	121.33
3735	121.32
3736	121.33
3737	121.33
3738	121.42
3739	121.42
3740	121.42
3741	121.46
3742	121.46
3743	121.46
3744	121.49
3745	121.49
3746	121.49
3747	121.49
3748	121.49
3749	121.49
3750	121.53
3751	121.53
3752	121.53
3753	121.62
3754	121.62
3755	121.62
3756	121.69
3757	121.69
3758	121.69
3759	121.69
3760	121.69
3761	121.69
3762	121.72
3763	121.72
3764	121.72
3765	121.77
3766	121.77
3767	121.77
3768	121.73
3769	121.73
3770	121.73
3771	121.74
3772	121.74
3773	121.74
3774	121.75
3775	121.75
3776	121.75
3777	121.73
3778	121.73
3779	121.73
3780	121.82
3781	121.82
3782	121.82
3783	121.78
3784	121.78
3785	121.78
3786	121.82
3787	121.82
3788	121.82
3789	121.91
3790	121.91
3791	121.91
3792	121.94
3793	121.94
3794	121.94
3795	122.01
3796	122.01
3797	122.01
3798	122.04
3799	122.04
3800	122.04
3801	122.01
3802	122.01
3803	122.01
3804	122.09
3805	122.09
3806	122.09
3807	122.08
3808	122.09
3809	122.09
3810	122.19
3811	122.19
3812	122.19
3813	122.22
3814	122.22
3815	122.22
3816	122.29
3817	122.3
3818	122.3
3819	122.34
3820	122.34
3821	122.34
3822	122.38
3823	122.41
3824	122.41
3825	122.44
3826	122.45
3827	122.45
3828	122.45
3829	122.46
3830	122.46
3831	122.48
3832	122.49
3833	122.49
3834	122.46
3835	122.5
3836	122.5
3837	122.55
3838	122.58
3839	122.58
3840	122.52
3841	122.52
3842	122.52
3843	122.55
3844	122.55
3845	122.55
3846	122.61
3847	122.61
3848	122.61
3849	122.58
3850	122.58
3851	122.58
3852	122.67
3853	122.67
3854	122.67
3855	122.64
3856	122.64
3857	122.64
3858	122.65
3859	122.65
3860	122.65
3861	122.71
3862	122.71
3863	122.71
3864	122.76
3865	122.76
3866	122.76
3867	122.81
3868	122.81
3869	122.81
3870	122.88
3871	122.88
3872	122.88
3873	122.83
3874	122.86
3875	122.86
3876	122.93
3877	122.95
3878	122.95
3879	122.94
3880	122.96
3881	122.96
3882	123.02
3883	123.02
3884	123.02
3885	123.11
3886	123.11
3887	123.11
3888	123.15
3889	123.15
3890	123.15
3891	123.2
3892	123.2
3893	123.2
3894	123.18
3895	123.18
3896	123.18
3897	123.24
3898	123.24
3899	123.24
3900	123.32
3901	123.32
3902	123.32
3903	123.31
3904	123.31
3905	123.31
3906	123.36
3907	123.36
3908	123.36
3909	123.36
3910	123.36
3911	123.36
3912	123.36
3913	123.36
3914	123.36
3915	123.41
3916	123.41
3917	123.41
3918	123.41
3919	123.41
3920	123.41
3921	123.42
3922	123.42
3923	123.42
3924	123.4
3925	123.4
3926	123.4
3927	123.44
3928	123.44
3929	123.44
3930	123.49
3931	123.5
3932	123.5
3933	123.53
3934	123.54
3935	123.54
3936	123.61
3937	123.63
3938	123.63
3939	123.65
3940	123.65
3941	123.65
3942	123.68
3943	123.69
3944	123.7
3945	123.71
3946	123.71
3947	123.71
3948	123.77
3949	123.79
3950	123.8
3951	123.79
3952	123.79
3953	123.81
3954	123.8
3955	123.8
3956	123.81
3957	123.88
3958	123.88
3959	123.88
3960	123.91
3961	123.91
3962	123.91
3963	123.92
3964	123.92
3965	123.92
3966	123.96
3967	123.96
3968	123.96
3969	123.96
3970	123.96
3971	123.96
3972	124.0
3973	124.0
3974	124.0
3975	124.05
3976	124.05
3977	124.05
3978	124.05
3979	124.05
3980	124.05
3981	124.1
3982	124.1
3983	124.1
3984	124.17
3985	124.17
3986	124.17
3987	124.16
3988	124.16
3989	124.16
3990	124.13
3991	124.13
3992	124.13
3993	124.16
3994	124.16
3995	124.16
3996	124.23
3997	124.23
3998	124.23
3999	124.24
4000	124.24
