1	0.0
2	1.0
3	1.0
4	1.0
5	1.17
6	1.29
7	1.29
8	1.39
9	1.53
10	1.53
11	1.65
12	1.79
13	1.79
14	1.92
15	2.11
16	2.11
17	2.23
18	2.28
19	2.28
20	2.41
21	2.44
22	2.44
23	2.53
24	2.56
25	2.56
26	2.63
27	2.69
28	2.69
29	2.81
30	2.89
31	2.89
32	2.97
33	3.1
34	3.1
35	3.24
36	3.25
37	3.25
38	3.34
39	3.34
40	3.34
41	3.47
42	3.49
43	3.49
44	3.58
45	3.73
46	3.73
47	3.78
48	3.89
49	3.89
50	3.96
51	4.06
52	4.06
53	4.11
54	4.23
55	4.23
56	4.25
57	4.24
58	4.24
59	4.35
60	4.51
61	4.51
62	4.58
63	4.61
64	4.61
65	4.65
66	4.77
67	4.77
68	4.81
69	5.0
70	5.0
71	5.08
72	5.1
73	5.1
74	5.14
75	5.18
76	5.18
77	5.21
78	5.29
79	5.29
80	5.34
81	5.57
82	5.57
83	5.64
84	5.66
85	5.66
86	5.71
87	5.84
88	5.84
89	5.92
90	5.96
91	5.96
92	6.01
93	6.14
94	6.14
95	6.21
96	6.29
97	6.29
98	6.34
99	6.42
100	6.42
101	6.48
102	6.6
103	6.6
104	6.65
105	6.72
106	6.72
107	6.77
108	6.95
109	6.95
110	6.97
111	7.04
112	7.04
113	7.07
114	7.14
115	7.14
116	7.17
117	7.17
118	7.17
119	7.21
120	7.25
121	7.25
122	7.28
123	7.3
124	7.3
125	7.32
126	7.37
127	7.37
128	7.4
129	7.44
130	7.44
131	7.48
132	7.62
133	7.62
134	7.64
135	7.78
136	7.78
137	7.78
138	7.9
139	7.9
140	7.93
141	7.92
142	7.92
143	7.94
144	8.11
145	8.11
146	8.15
147	8.27
148	8.27
149	8.29
150	8.43
151	8.43
152	8.48
153	8.68
154	8.68
155	8.73
156	8.91
157	8.91
158	8.93
159	8.89
160	8.89
161	8.91
162	8.98
163	8.98
164	9.01
165	9.01
166	9.01
167	9.05
168	9.17
169	9.17
170	9.19
171	9.26
172	9.26
173	9.28
174	9.32
175	9.32
176	9.35
177	9.43
178	9.43
179	9.45
180	9.51
181	9.51
182	9.52
183	9.53
184	9.53
185	9.54
186	9.63
187	9.63
188	9.68
189	9.72
190	9.72
191	9.76
192	9.92
193	9.92
194	9.92
195	10.02
196	10.02
197	10.05
198	10.17
199	10.17
200	10.19
201	10.22
202	10.22
203	10.24
204	10.32
205	10.32
206	10.33
207	10.41
208	10.41
209	10.43
210	10.51
211	10.51
212	10.54
213	10.58
214	10.58
215	10.59
216	10.58
217	10.58
218	10.61
219	10.74
220	10.74
221	10.75
222	10.9
223	10.9
224	10.92
225	10.98
226	10.98
227	11.02
228	11.02
229	11.02
230	11.05
231	11.07
232	11.07
233	11.09
234	11.09
235	11.09
236	11.13
237	11.25
238	11.25
239	11.27
240	11.28
241	11.28
242	11.34
243	11.34
244	11.34
245	11.38
246	11.48
247	11.48
248	11.48
249	11.56
250	11.56
251	11.6
252	11.68
253	11.68
254	11.7
255	11.77
256	11.77
257	11.79
258	11.78
259	11.78
260	11.79
261	11.8
262	11.8
263	11.82
264	11.87
265	11.87
266	11.87
267	11.89
268	11.89
269	11.9
270	12.05
271	12.05
272	12.07
273	12.19
274	12.19
275	12.21
276	12.25
277	12.25
278	12.26
279	12.33
280	12.33
281	12.34
282	12.43
283	12.43
284	12.44
285	12.43
286	12.43
287	12.44
288	12.5
289	12.5
290	12.5
291	12.53
292	12.53
293	12.54
294	12.61
295	12.61
296	12.62
297	12.59
298	12.59
299	12.6
300	12.69
301	12.69
302	12.72
303	12.87
304	12.87
305	12.89
306	12.99
307	12.99
308	12.99
309	13.12
310	13.12
311	13.13
312	13.15
313	13.15
314	13.15
315	13.21
316	13.21
317	13.22
318	13.27
319	13.27
320	13.27
321	13.37
322	13.37
323	13.39
324	13.38
325	13.38
326	13.4
327	13.46
328	13.46
329	13.49
330	13.55
331	13.55
332	13.59
333	13.69
334	13.69
335	13.7
336	13.76
337	13.76
338	13.79
339	13.77
340	13.77
341	13.79
342	13.79
343	13.79
344	13.79
345	13.83
346	13.83
347	13.83
348	13.88
349	13.88
350	13.88
351	13.98
352	13.98
353	14.0
354	14.02
355	14.02
356	14.03
357	14.11
358	14.11
359	14.12
360	14.16
361	14.16
362	14.19
363	14.32
364	14.32
365	14.33
366	14.44
367	14.44
368	14.45
369	14.56
370	14.56
371	14.58
372	14.81
373	14.81
374	14.84
375	14.93
376	14.93
377	14.93
378	14.99
379	14.99
380	15.0
381	15.05
382	15.05
383	15.06
384	15.12
385	15.12
386	15.13
387	15.27
388	15.27
389	15.29
390	15.32
391	15.32
392	15.34
393	15.36
394	15.36
395	15.38
396	15.48
397	15.48
398	15.49
399	15.53
400	15.53
401	15.54
402	15.58
403	15.58
404	15.58
405	15.69
406	15.69
407	15.72
408	15.78
409	15.78
410	15.78
411	15.87
412	15.87
413	15.89
414	15.96
415	15.96
416	15.97
417	16.01
418	16.01
419	16.03
420	16.13
421	16.13
422	16.14
423	16.17
424	16.17
425	16.19
426	16.27
427	16.27
428	16.27
429	16.37
430	16.37
431	16.38
432	16.45
433	16.45
434	16.48
435	16.65
436	16.65
437	16.66
438	16.67
439	16.67
440	16.67
441	16.7
442	16.7
443	16.72
444	16.8
445	16.8
446	16.8
447	16.86
448	16.86
449	16.87
450	16.94
451	16.94
452	16.94
453	17.01
454	17.01
455	17.02
456	17.18
457	17.18
458	17.18
459	17.23
460	17.23
461	17.25
462	17.35
463	17.35
464	17.36
465	17.42
466	17.42
467	17.43
468	17.5
469	17.5
470	17.51
471	17.59
472	17.59
473	17.6
474	17.69
475	17.69
476	17.71
477	17.76
478	17.76
479	17.77
480	17.83
481	17.83
482	17.85
483	17.75
484	17.75
485	17.76
486	17.87
487	17.87
488	17.88
489	17.95
490	17.95
491	17.97
492	18.0
493	18.0
494	18.02
495	18.01
496	18.01
497	18.01
498	18.04
499	18.04
500	18.05
501	18.04
502	18.04
503	18.04
504	18.13
505	18.13
506	18.15
507	18.2
508	18.2
509	18.2
510	18.26
511	18.26
512	18.26
513	18.31
514	18.31
515	18.31
516	18.38
517	18.38
518	18.39
519	18.55
520	18.55
521	18.56
522	18.63
523	18.63
524	18.63
525	18.66
526	18.66
527	18.69
528	18.79
529	18.79
530	18.81
531	18.91
532	18.91
533	18.92
534	18.92
535	18.92
536	18.93
537	19.01
538	19.01
539	19.02
540	19.08
541	19.08
542	19.09
543	19.15
544	19.15
545	19.15
546	19.19
547	19.19
548	19.19
549	19.21
550	19.21
551	19.23
552	19.27
553	19.27
554	19.28
555	19.29
556	19.29
557	19.3
558	19.28
559	19.28
560	19.29
561	19.35
562	19.35
563	19.37
564	19.53
565	19.53
566	19.54
567	19.61
568	19.61
569	19.63
570	19.7
571	19.7
572	19.7
573	19.72
574	19.72
575	19.73
576	19.83
577	19.83
578	19.84
579	19.9
580	19.9
581	19.9
582	20.0
583	20.0
584	20.0
585	20.13
586	20.13
587	20.16
588	20.23
589	20.23
590	20.24
591	20.24
592	20.24
593	20.25
594	20.41
595	20.41
596	20.41
597	20.49
598	20.49
599	20.49
600	20.61
601	20.61
602	20.62
603	20.69
604	20.69
605	20.7
606	20.78
607	20.78
608	20.78
609	20.79
610	20.79
611	20.79
612	20.83
613	20.83
614	20.83
615	20.94
616	20.94
617	20.94
618	21.06
619	21.06
620	21.08
621	21.05
622	21.05
623	21.06
624	21.08
625	21.08
626	21.11
627	21.15
628	21.15
629	21.15
630	21.2
631	21.2
632	21.2
633	21.23
634	21.23
635	21.24
636	21.34
637	21.34
638	21.35
639	21.4
640	21.4
641	21.41
642	21.44
643	21.44
644	21.44
645	21.53
646	21.53
647	21.53
648	21.54
649	21.54
650	21.54
651	21.62
652	21.62
653	21.62
654	21.7
655	21.7
656	21.71
657	21.8
658	21.8
659	21.81
660	21.83
661	21.83
662	21.83
663	21.89
664	21.89
665	21.91
666	21.89
667	21.89
668	21.92
669	22.01
670	22.01
671	22.01
672	22.07
673	22.07
674	22.08
675	22.14
676	22.14
677	22.15
678	22.21
679	22.21
680	22.22
681	22.25
682	22.25
683	22.27
684	22.19
685	22.19
686	22.19
687	22.28
688	22.28
689	22.28
690	22.28
691	22.28
692	22.28
693	22.33
694	22.33
695	22.33
696	22.38
697	22.38
698	22.38
699	22.42
700	22.42
701	22.42
702	22.42
703	22.42
704	22.42
705	22.51
706	22.51
707	22.52
708	22.56
709	22.56
710	22.56
711	22.7
712	22.7
713	22.72
714	22.84
715	22.84
716	22.86
717	22.91
718	22.91
719	22.91
720	23.0
721	23.0
722	23.02
723	23.03
724	23.03
725	23.05
726	23.1
727	23.1
728	23.1
729	23.28
730	23.28
731	23.28
732	23.37
733	23.37
734	23.37
735	23.39
736	23.39
737	23.4
738	23.41
739	23.41
740	23.42
741	23.43
742	23.43
743	23.44
744	23.53
745	23.53
746	23.53
747	23.58
748	23.58
749	23.59
750	23.71
751	23.71
752	23.72
753	23.82
754	23.82
755	23.82
756	23.84
757	23.84
758	23.84
759	23.91
760	23.91
761	23.93
762	23.94
763	23.94
764	23.95
765	24.04
766	24.04
767	24.04
768	24.12
769	24.12
770	24.12
771	24.22
772	24.22
773	24.22
774	24.23
775	24.23
776	24.24
777	24.31
778	24.31
779	24.31
780	24.36
781	24.36
782	24.36
783	24.37
784	24.37
785	24.37
786	24.48
787	24.48
788	24.48
789	24.51
790	24.51
791	24.51
792	24.58
793	24.58
794	24.58
795	24.59
796	24.59
797	24.59
798	24.64
799	24.64
800	24.64
801	24.66
802	24.66
803	24.66
804	24.62
805	24.62
806	24.64
807	24.72
808	24.72
809	24.72
810	24.74
811	24.74
812	24.74
813	24.72
814	24.72
815	24.73
816	24.82
817	24.82
818	24.82
819	24.82
820	24.82
821	24.82
822	24.93
823	24.93
824	24.93
825	25.06
826	25.06
827	25.07
828	25.06
829	25.06
830	25.06
831	25.07
832	25.07
833	25.08
834	25.13
835	25.13
836	25.13
837	25.27
838	25.27
839	25.27
840	25.38
841	25.38
842	25.39
843	25.49
844	25.49
845	25.49
846	25.56
847	25.56
848	25.56
849	25.62
850	25.62
851	25.62
852	25.65
853	25.65
854	25.67
855	25.78
856	25.78
857	25.79
858	25.94
859	25.94
860	25.94
861	25.99
862	25.99
863	25.99
864	26.06
865	26.06
866	26.07
867	26.2
868	26.2
869	26.21
870	26.32
871	26.32
872	26.32
873	26.37
874	26.37
875	26.37
876	26.42
877	26.42
878	26.42
879	26.49
880	26.49
881	26.5
882	26.48
883	26.48
884	26.48
885	26.59
886	26.59
887	26.6
888	26.58
889	26.58
890	26.58
891	26.59
892	26.59
893	26.59
894	26.59
895	26.59
896	26.6
897	26.68
898	26.68
899	26.68
900	26.72
901	26.72
902	26.73
903	26.76
904	26.76
905	26.77
906	26.78
907	26.78
908	26.8
909	26.8
910	26.8
911	26.8
912	26.94
913	26.94
914	26.94
915	27.03
916	27.03
917	27.03
918	27.13
919	27.13
920	27.13
921	27.18
922	27.18
923	27.18
924	27.3
925	27.3
926	27.3
927	27.36
928	27.36
929	27.36
930	27.38
931	27.38
932	27.38
933	27.44
934	27.44
935	27.44
936	27.46
937	27.46
938	27.46
939	27.54
940	27.54
941	27.54
942	27.61
943	27.61
944	27.61
945	27.72
946	27.72
947	27.72
948	27.76
949	27.76
950	27.76
951	27.74
952	27.74
953	27.74
954	27.75
955	27.75
956	27.75
957	27.78
958	27.78
959	27.78
960	27.76
961	27.76
962	27.76
963	27.84
964	27.84
965	27.84
966	27.88
967	27.88
968	27.89
969	27.92
970	27.92
971	27.93
972	27.94
973	27.94
974	27.94
975	27.95
976	27.95
977	27.95
978	27.98
979	27.98
980	27.99
981	28.03
982	28.03
983	28.04
984	28.12
985	28.12
986	28.12
987	28.1
988	28.1
989	28.1
990	28.1
991	28.1
992	28.11
993	28.12
994	28.12
995	28.13
996	28.15
997	28.15
998	28.15
999	28.18
1000	28.18
1001	28.19
1002	28.2
1003	28.2
1004	28.2
1005	28.24
1006	28.24
1007	28.24
1008	28.24
1009	28.24
1010	28.25
1011	28.28
1012	28.28
1013	28.28
1014	28.31
1015	28.31
1016	28.31
1017	28.43
1018	28.43
1019	28.43
1020	28.49
1021	28.49
1022	28.5
1023	28.55
1024	28.55
1025	28.55
1026	28.57
1027	28.57
1028	28.57
1029	28.68
1030	28.68
1031	28.68
1032	28.76
1033	28.76
1034	28.76
1035	28.82
1036	28.82
1037	28.82
1038	28.8
1039	28.8
1040	28.8
1041	28.91
1042	28.91
1043	28.91
1044	28.97
1045	28.97
1046	28.97
1047	29.0
1048	29.0
1049	29.0
1050	29.04
1051	29.04
1052	29.05
1053	29.04
1054	29.04
1055	29.04
1056	29.06
1057	29.06
1058	29.07
1059	29.14
1060	29.14
1061	29.15
1062	29.14
1063	29.14
1064	29.14
1065	29.16
1066	29.16
1067	29.16
1068	29.13
1069	29.13
1070	29.13
1071	29.21
1072	29.21
1073	29.22
1074	29.3
1075	29.3
1076	29.3
1077	29.28
1078	29.28
1079	29.28
1080	29.34
1081	29.34
1082	29.34
1083	29.3
1084	29.3
1085	29.31
1086	29.37
1087	29.37
1088	29.37
1089	29.42
1090	29.42
1091	29.42
1092	29.5
1093	29.5
1094	29.5
1095	29.51
1096	29.51
1097	29.51
1098	29.6
1099	29.6
1100	29.6
1101	29.61
1102	29.61
1103	29.61
1104	29.66
1105	29.66
1106	29.66
1107	29.77
1108	29.77
1109	29.77
1110	29.85
1111	29.85
1112	29.86
1113	29.91
1114	29.91
1115	29.91
1116	29.94
1117	29.94
1118	29.95
1119	29.99
1120	29.99
1121	29.99
1122	30.14
1123	30.14
1124	30.15
1125	30.23
1126	30.23
1127	30.23
1128	30.19
1129	30.19
1130	30.19
1131	30.16
1132	30.16
1133	30.18
1134	30.21
1135	30.21
1136	30.22
1137	30.27
1138	30.27
1139	30.27
1140	30.33
1141	30.33
1142	30.34
1143	30.42
1144	30.42
1145	30.42
1146	30.48
1147	30.48
1148	30.48
1149	30.49
1150	30.49
1151	30.49
1152	30.53
1153	30.53
1154	30.53
1155	30.58
1156	30.58
1157	30.59
1158	30.65
1159	30.65
1160	30.65
1161	30.73
1162	30.73
1163	30.73
1164	30.7
1165	30.7
1166	30.7
1167	30.81
1168	30.81
1169	30.81
1170	30.85
1171	30.85
1172	30.85
1173	30.74
1174	30.74
1175	30.74
1176	30.85
1177	30.85
1178	30.85
1179	30.84
1180	30.84
1181	30.84
1182	30.89
1183	30.89
1184	30.9
1185	30.93
1186	30.93
1187	30.93
1188	30.97
1189	30.97
1190	30.99
1191	31.07
1192	31.07
1193	31.07
1194	31.15
1195	31.15
1196	31.16
1197	31.26
1198	31.26
1199	31.26
1200	31.31
1201	31.31
1202	31.31
1203	31.38
1204	31.38
1205	31.38
1206	31.38
1207	31.38
1208	31.38
1209	31.39
1210	31.39
1211	31.39
1212	31.5
1213	31.5
1214	31.5
1215	31.58
1216	31.58
1217	31.58
1218	31.66
1219	31.66
1220	31.66
1221	31.76
1222	31.76
1223	31.77
1224	31.86
1225	31.86
1226	31.86
1227	31.97
1228	31.97
1229	31.97
1230	32.04
1231	32.04
1232	32.04
1233	32.06
1234	32.06
1235	32.06
1236	32.14
1237	32.14
1238	32.14
1239	32.11
1240	32.11
1241	32.12
1242	32.17
1243	32.17
1244	32.18
1245	32.3
1246	32.3
1247	32.32
1248	32.36
1249	32.36
1250	32.36
1251	32.4
1252	32.4
1253	32.4
1254	32.46
1255	32.46
1256	32.46
1257	32.48
1258	32.48
1259	32.48
1260	32.58
1261	32.58
1262	32.58
1263	32.6
1264	32.6
1265	32.6
1266	32.59
1267	32.59
1268	32.59
1269	32.67
1270	32.67
1271	32.67
1272	32.71
1273	32.71
1274	32.71
1275	32.76
1276	32.76
1277	32.76
1278	32.85
1279	32.85
1280	32.85
1281	32.94
1282	32.94
1283	32.94
1284	33.06
1285	33.06
1286	33.06
1287	33.16
1288	33.16
1289	33.16
1290	33.18
1291	33.18
1292	33.18
1293	33.19
1294	33.19
1295	33.2
1296	33.21
1297	33.21
1298	33.22
1299	33.27
1300	33.27
1301	33.27
1302	33.34
1303	33.34
1304	33.34
1305	33.41
1306	33.41
1307	33.41
1308	33.47
1309	33.47
1310	33.47
1311	33.5
1312	33.5
1313	33.5
1314	33.53
1315	33.53
1316	33.53
1317	33.63
1318	33.63
1319	33.63
1320	33.57
1321	33.57
1322	33.57
1323	33.6
1324	33.6
1325	33.6
1326	33.64
1327	33.64
1328	33.64
1329	33.66
1330	33.66
1331	33.66
1332	33.73
1333	33.73
1334	33.73
1335	33.83
1336	33.83
1337	33.83
1338	33.88
1339	33.88
1340	33.88
1341	33.92
1342	33.92
1343	33.93
1344	34.02
1345	34.02
1346	34.03
1347	34.09
1348	34.09
1349	34.09
1350	34.24
1351	34.24
1352	34.24
1353	34.23
1354	34.23
1355	34.23
1356	34.26
1357	34.26
1358	34.27
1359	34.35
1360	34.35
1361	34.35
1362	34.42
1363	34.42
1364	34.43
1365	34.51
1366	34.51
1367	34.52
1368	34.54
1369	34.54
1370	34.54
1371	34.49
1372	34.49
1373	34.49
1374	34.55
1375	34.55
1376	34.55
1377	34.62
1378	34.62
1379	34.62
1380	34.71
1381	34.71
1382	34.71
1383	34.79
1384	34.79
1385	34.79
1386	34.86
1387	34.86
1388	34.86
1389	34.86
1390	34.86
1391	34.86
1392	34.85
1393	34.85
1394	34.85
1395	34.84
1396	34.84
1397	34.84
1398	34.88
1399	34.88
1400	34.89
1401	34.92
1402	34.92
1403	34.92
1404	34.94
1405	34.94
1406	34.94
1407	34.98
1408	34.98
1409	34.98
1410	35.05
1411	35.05
1412	35.05
1413	35.05
1414	35.05
1415	35.05
1416	35.1
1417	35.1
1418	35.1
1419	35.13
1420	35.13
1421	35.14
1422	35.17
1423	35.17
1424	35.18
1425	35.16
1426	35.16
1427	35.17
1428	35.22
1429	35.22
1430	35.23
1431	35.26
1432	35.26
1433	35.26
1434	35.43
1435	35.43
1436	35.43
1437	35.51
1438	35.51
1439	35.51
1440	35.5
1441	35.5
1442	35.5
1443	35.56
1444	35.56
1445	35.56
1446	35.51
1447	35.51
1448	35.51
1449	35.57
1450	35.57
1451	35.57
1452	35.65
1453	35.65
1454	35.65
1455	35.63
1456	35.63
1457	35.64
1458	35.7
1459	35.7
1460	35.7
1461	35.7
1462	35.7
1463	35.7
1464	35.82
1465	35.82
1466	35.82
1467	35.96
1468	35.96
1469	35.97
1470	36.01
1471	36.01
1472	36.01
1473	36.01
1474	36.01
1475	36.01
1476	36.09
1477	36.09
1478	36.09
1479	36.11
1480	36.11
1481	36.11
1482	36.18
1483	36.18
1484	36.18
1485	36.22
1486	36.22
1487	36.22
1488	36.23
1489	36.23
1490	36.23
1491	36.26
1492	36.26
1493	36.26
1494	36.34
1495	36.34
1496	36.34
1497	36.41
1498	36.41
1499	36.42
1500	36.48
1501	36.48
1502	36.48
1503	36.51
1504	36.51
1505	36.52
1506	36.54
1507	36.54
1508	36.54
1509	36.55
1510	36.55
1511	36.55
1512	36.63
1513	36.63
1514	36.63
1515	36.69
1516	36.69
1517	36.69
1518	36.76
1519	36.76
1520	36.76
1521	36.9
1522	36.9
1523	36.9
1524	36.93
1525	36.93
1526	36.94
1527	36.98
1528	36.98
1529	36.98
1530	37.0
1531	37.0
1532	37.03
1533	37.04
1534	37.04
1535	37.04
1536	37.14
1537	37.14
1538	37.14
1539	37.11
1540	37.11
1541	37.12
1542	37.11
1543	37.11
1544	37.12
1545	37.22
1546	37.22
1547	37.22
1548	37.22
1549	37.22
1550	37.22
1551	37.29
1552	37.29
1553	37.29
1554	37.37
1555	37.37
1556	37.39
1557	37.49
1558	37.49
1559	37.49
1560	37.53
1561	37.53
1562	37.54
1563	37.47
1564	37.47
1565	37.47
1566	37.51
1567	37.51
1568	37.52
1569	37.6
1570	37.6
1571	37.6
1572	37.61
1573	37.61
1574	37.61
1575	37.62
1576	37.62
1577	37.62
1578	37.69
1579	37.69
1580	37.69
1581	37.75
1582	37.75
1583	37.75
1584	37.76
1585	37.76
1586	37.76
1587	37.82
1588	37.82
1589	37.83
1590	37.91
1591	37.91
1592	37.91
1593	37.91
1594	37.91
1595	37.91
1596	37.94
1597	37.94
1598	37.95
1599	38.0
1600	38.0
1601	38.0
1602	38.01
1603	38.01
1604	38.01
1605	38.13
1606	38.13
1607	38.13
1608	38.14
1609	38.14
1610	38.14
1611	38.19
1612	38.19
1613	38.19
1614	38.22
1615	38.22
1616	38.22
1617	38.29
1618	38.29
1619	38.29
1620	38.32
1621	38.32
1622	38.32
1623	38.35
1624	38.35
1625	38.35
1626	38.39
1627	38.39
1628	38.4
1629	38.46
1630	38.46
1631	38.46
1632	38.57
1633	38.57
1634	38.57
1635	38.63
1636	38.63
1637	38.63
1638	38.7
1639	38.7
1640	38.7
1641	38.65
1642	38.65
1643	38.65
1644	38.71
1645	38.71
1646	38.71
1647	38.72
1648	38.72
1649	38.72
1650	38.73
1651	38.73
1652	38.73
1653	38.81
1654	38.81
1655	38.81
1656	38.85
1657	38.85
1658	38.85
1659	38.83
1660	38.83
1661	38.83
1662	38.85
1663	38.85
1664	38.85
1665	38.88
1666	38.88
1667	38.89
1668	38.98
1669	38.98
1670	38.99
1671	39.06
1672	39.06
1673	39.06
1674	39.08
1675	39.08
1676	39.09
1677	39.11
1678	39.11
1679	39.12
1680	39.13
1681	39.13
1682	39.13
1683	39.2
1684	39.2
1685	39.2
1686	39.19
1687	39.19
1688	39.19
1689	39.16
1690	39.16
1691	39.16
1692	39.24
1693	39.24
1694	39.24
1695	39.2
1696	39.2
1697	39.21
1698	39.21
1699	39.21
1700	39.21
1701	39.26
1702	39.26
1703	39.26
1704	39.31
1705	39.31
1706	39.31
1707	39.38
1708	39.38
1709	39.39
1710	39.39
1711	39.39
1712	39.39
1713	39.46
1714	39.46
1715	39.46
1716	39.53
1717	39.53
1718	39.53
1719	39.59
1720	39.59
1721	39.59
1722	39.59
1723	39.59
1724	39.59
1725	39.62
1726	39.62
1727	39.62
1728	39.68
1729	39.68
1730	39.68
1731	39.74
1732	39.74
1733	39.74
1734	39.84
1735	39.84
1736	39.85
1737	39.95
1738	39.95
1739	39.95
1740	40.04
1741	40.04
1742	40.04
1743	40.16
1744	40.16
1745	40.17
1746	40.18
1747	40.18
1748	40.18
1749	40.19
1750	40.19
1751	40.19
1752	40.26
1753	40.26
1754	40.26
1755	40.31
1756	40.31
1757	40.31
1758	40.36
1759	40.36
1760	40.37
1761	40.43
1762	40.43
1763	40.43
1764	40.51
1765	40.51
1766	40.51
1767	40.57
1768	40.57
1769	40.57
1770	40.56
1771	40.56
1772	40.56
1773	40.58
1774	40.58
1775	40.59
1776	40.61
1777	40.61
1778	40.61
1779	40.62
1780	40.62
1781	40.62
1782	40.66
1783	40.66
1784	40.66
1785	40.68
1786	40.68
1787	40.68
1788	40.75
1789	40.75
1790	40.75
1791	40.79
1792	40.79
1793	40.79
1794	40.84
1795	40.84
1796	40.84
1797	40.91
1798	40.91
1799	40.91
1800	40.95
1801	40.95
1802	40.95
1803	40.99
1804	40.99
1805	40.99
1806	41.02
1807	41.02
1808	41.02
1809	40.95
1810	40.95
1811	40.95
1812	41.05
1813	41.05
1814	41.05
1815	41.09
1816	41.09
1817	41.09
1818	41.17
1819	41.17
1820	41.17
1821	41.16
1822	41.16
1823	41.16
1824	41.22
1825	41.22
1826	41.22
1827	41.33
1828	41.33
1829	41.33
1830	41.37
1831	41.37
1832	41.37
1833	41.38
1834	41.38
1835	41.38
1836	41.34
1837	41.34
1838	41.34
1839	41.33
1840	41.33
1841	41.33
1842	41.37
1843	41.37
1844	41.37
1845	41.49
1846	41.49
1847	41.49
1848	41.55
1849	41.55
1850	41.55
1851	41.66
1852	41.66
1853	41.67
1854	41.65
1855	41.65
1856	41.65
1857	41.63
1858	41.63
1859	41.63
1860	41.74
1861	41.74
1862	41.74
1863	41.81
1864	41.81
1865	41.81
1866	41.87
1867	41.87
1868	41.87
1869	41.89
1870	41.89
1871	41.89
1872	42.0
1873	42.0
1874	42.0
1875	42.04
1876	42.04
1877	42.06
1878	42.1
1879	42.1
1880	42.1
1881	42.06
1882	42.06
1883	42.06
1884	42.1
1885	42.1
1886	42.11
1887	42.19
1888	42.19
1889	42.19
1890	42.3
1891	42.3
1892	42.31
1893	42.37
1894	42.37
1895	42.38
1896	42.43
1897	42.43
1898	42.43
1899	42.42
1900	42.42
1901	42.42
1902	42.41
1903	42.41
1904	42.41
1905	42.45
1906	42.45
1907	42.46
1908	42.57
1909	42.57
1910	42.58
1911	42.67
1912	42.67
1913	42.67
1914	42.69
1915	42.69
1916	42.69
1917	42.65
1918	42.65
1919	42.65
1920	42.75
1921	42.75
1922	42.75
1923	42.81
1924	42.81
1925	42.83
1926	42.83
1927	42.83
1928	42.85
1929	42.9
1930	42.9
1931	42.9
1932	42.87
1933	42.87
1934	42.87
1935	42.94
1936	42.94
1937	42.94
1938	42.95
1939	42.95
1940	42.95
1941	43.04
1942	43.04
1943	43.04
1944	43.08
1945	43.08
1946	43.08
1947	43.03
1948	43.03
1949	43.03
1950	43.04
1951	43.04
1952	43.04
1953	43.05
1954	43.05
1955	43.05
1956	43.07
1957	43.07
1958	43.07
1959	43.05
1960	43.05
1961	43.05
1962	43.19
1963	43.19
1964	43.19
1965	43.24
1966	43.24
1967	43.24
1968	43.25
1969	43.25
1970	43.25
1971	43.26
1972	43.26
1973	43.26
1974	43.27
1975	43.27
1976	43.27
1977	43.34
1978	43.34
1979	43.34
1980	43.4
1981	43.4
1982	43.4
1983	43.37
1984	43.37
1985	43.37
1986	43.44
1987	43.44
1988	43.44
1989	43.43
1990	43.43
1991	43.43
1992	43.45
1993	43.45
1994	43.45
1995	43.43
1996	43.43
1997	43.43
1998	43.43
1999	43.43
2000	43.43
2001	43.42
2002	43.42
2003	43.42
2004	43.44
2005	43.44
2006	43.44
2007	43.46
2008	43.46
2009	43.46
2010	43.42
2011	43.42
2012	43.42
2013	43.47
2014	43.47
2015	43.47
2016	43.51
2017	43.51
2018	43.51
2019	43.54
2020	43.54
2021	43.54
2022	43.63
2023	43.63
2024	43.63
2025	43.68
2026	43.68
2027	43.68
2028	43.73
2029	43.73
2030	43.74
2031	43.75
2032	43.75
2033	43.75
2034	43.82
2035	43.82
2036	43.82
2037	43.77
2038	43.77
2039	43.77
2040	43.81
2041	43.81
2042	43.81
2043	43.88
2044	43.88
2045	43.88
2046	43.95
2047	43.95
2048	43.96
2049	43.99
2050	43.99
2051	44.0
2052	44.03
2053	44.03
2054	44.03
2055	44.13
2056	44.13
2057	44.13
2058	44.12
2059	44.12
2060	44.12
2061	44.17
2062	44.17
2063	44.17
2064	44.19
2065	44.19
2066	44.19
2067	44.25
2068	44.25
2069	44.25
2070	44.28
2071	44.28
2072	44.29
2073	44.35
2074	44.35
2075	44.35
2076	44.35
2077	44.35
2078	44.35
2079	44.33
2080	44.33
2081	44.33
2082	44.34
2083	44.34
2084	44.34
2085	44.34
2086	44.34
2087	44.34
2088	44.33
2089	44.33
2090	44.33
2091	44.31
2092	44.31
2093	44.31
2094	44.35
2095	44.35
2096	44.35
2097	44.41
2098	44.41
2099	44.41
2100	44.45
2101	44.45
2102	44.45
2103	44.45
2104	44.45
2105	44.46
2106	44.45
2107	44.45
2108	44.45
2109	44.52
2110	44.52
2111	44.54
2112	44.56
2113	44.56
2114	44.57
2115	44.62
2116	44.62
2117	44.62
2118	44.67
2119	44.67
2120	44.67
2121	44.64
2122	44.64
2123	44.64
2124	44.6
2125	44.6
2126	44.6
2127	44.61
2128	44.61
2129	44.61
2130	44.65
2131	44.65
2132	44.65
2133	44.66
2134	44.66
2135	44.66
2136	44.63
2137	44.63
2138	44.63
2139	44.6
2140	44.6
2141	44.6
2142	44.63
2143	44.63
2144	44.63
2145	44.65
2146	44.65
2147	44.65
2148	44.71
2149	44.71
2150	44.71
2151	44.78
2152	44.78
2153	44.78
2154	44.79
2155	44.79
2156	44.79
2157	44.84
2158	44.84
2159	44.85
2160	44.91
2161	44.91
2162	44.91
2163	44.98
2164	44.98
2165	44.98
2166	45.01
2167	45.01
2168	45.01
2169	45.11
2170	45.11
2171	45.11
2172	45.07
2173	45.07
2174	45.07
2175	45.16
2176	45.16
2177	45.16
2178	45.16
2179	45.16
2180	45.16
2181	45.21
2182	45.21
2183	45.22
2184	45.22
2185	45.22
2186	45.23
2187	45.29
2188	45.29
2189	45.29
2190	45.32
2191	45.32
2192	45.33
2193	45.35
2194	45.35
2195	45.35
2196	45.38
2197	45.38
2198	45.38
2199	45.4
2200	45.4
2201	45.4
2202	45.44
2203	45.44
2204	45.44
2205	45.48
2206	45.48
2207	45.48
2208	45.51
2209	45.51
2210	45.52
2211	45.55
2212	45.55
2213	45.55
2214	45.59
2215	45.59
2216	45.59
2217	45.61
2218	45.61
2219	45.61
2220	45.69
2221	45.69
2222	45.7
2223	45.81
2224	45.81
2225	45.81
2226	45.84
2227	45.84
2228	45.84
2229	45.83
2230	45.83
2231	45.83
2232	45.85
2233	45.85
2234	45.85
2235	45.85
2236	45.85
2237	45.85
2238	45.83
2239	45.83
2240	45.83
2241	45.87
2242	45.87
2243	45.87
2244	45.89
2245	45.89
2246	45.89
2247	45.93
2248	45.93
2249	45.94
2250	45.94
2251	45.94
2252	45.94
2253	45.91
2254	45.91
2255	45.91
2256	45.9
2257	45.9
2258	45.9
2259	45.92
2260	45.92
2261	45.92
2262	45.97
2263	45.97
2264	45.97
2265	46.02
2266	46.02
2267	46.02
2268	46.07
2269	46.07
2270	46.07
2271	46.13
2272	46.13
2273	46.13
2274	46.18
2275	46.18
2276	46.18
2277	46.3
2278	46.3
2279	46.3
2280	46.36
2281	46.36
2282	46.36
2283	46.35
2284	46.35
2285	46.35
2286	46.39
2287	46.39
2288	46.39
2289	46.36
2290	46.36
2291	46.36
2292	46.39
2293	46.39
2294	46.39
2295	46.35
2296	46.35
2297	46.35
2298	46.32
2299	46.32
2300	46.32
2301	46.4
2302	46.4
2303	46.4
2304	46.46
2305	46.46
2306	46.46
2307	46.49
2308	46.49
2309	46.5
2310	46.53
2311	46.53
2312	46.53
2313	46.67
2314	46.67
2315	46.67
2316	46.68
2317	46.68
2318	46.68
2319	46.76
2320	46.76
2321	46.76
2322	46.75
2323	46.75
2324	46.75
2325	46.79
2326	46.79
2327	46.8
2328	46.85
2329	46.85
2330	46.85
2331	46.91
2332	46.91
2333	46.91
2334	46.97
2335	46.97
2336	46.97
2337	47.06
2338	47.06
2339	47.06
2340	47.12
2341	47.12
2342	47.12
2343	47.08
2344	47.08
2345	47.08
2346	47.05
2347	47.05
2348	47.05
2349	47.06
2350	47.06
2351	47.06
2352	47.14
2353	47.14
2354	47.14
2355	47.18
2356	47.18
2357	47.18
2358	47.22
2359	47.22
2360	47.22
2361	47.27
2362	47.27
2363	47.27
2364	47.35
2365	47.35
2366	47.35
2367	47.36
2368	47.36
2369	47.36
2370	47.42
2371	47.42
2372	47.42
2373	47.43
2374	47.43
2375	47.43
2376	47.42
2377	47.42
2378	47.42
2379	47.54
2380	47.54
2381	47.54
2382	47.57
2383	47.57
2384	47.57
2385	47.67
2386	47.67
2387	47.67
2388	47.68
2389	47.68
2390	47.68
2391	47.71
2392	47.71
2393	47.71
2394	47.74
2395	47.74
2396	47.74
2397	47.74
2398	47.74
2399	47.74
2400	47.74
2401	47.74
2402	47.74
2403	47.87
2404	47.87
2405	47.87
2406	47.87
2407	47.87
2408	47.87
2409	47.89
2410	47.89
2411	47.89
2412	47.93
2413	47.93
2414	47.93
2415	47.9
2416	47.9
2417	47.9
2418	47.9
2419	47.9
2420	47.9
2421	47.84
2422	47.84
2423	47.85
2424	47.87
2425	47.87
2426	47.87
2427	47.84
2428	47.84
2429	47.84
2430	47.93
2431	47.93
2432	47.93
2433	47.93
2434	47.93
2435	47.93
2436	48.01
2437	48.01
2438	48.01
2439	48.01
2440	48.01
2441	48.01
2442	48.04
2443	48.04
2444	48.04
2445	48.13
2446	48.13
2447	48.14
2448	48.16
2449	48.16
2450	48.16
2451	48.16
2452	48.16
2453	48.16
2454	48.21
2455	48.21
2456	48.21
2457	48.25
2458	48.25
2459	48.25
2460	48.27
2461	48.27
2462	48.27
2463	48.32
2464	48.32
2465	48.32
2466	48.29
2467	48.29
2468	48.3
2469	48.33
2470	48.33
2471	48.33
2472	48.31
2473	48.31
2474	48.31
2475	48.31
2476	48.31
2477	48.31
2478	48.29
2479	48.29
2480	48.29
2481	48.37
2482	48.37
2483	48.37
2484	48.36
2485	48.36
2486	48.37
2487	48.39
2488	48.39
2489	48.39
2490	48.4
2491	48.4
2492	48.4
2493	48.36
2494	48.36
2495	48.36
2496	48.37
2497	48.37
2498	48.38
2499	48.42
2500	48.42
2501	48.42
2502	48.4
2503	48.4
2504	48.4
2505	48.45
2506	48.45
2507	48.45
2508	48.54
2509	48.54
2510	48.55
2511	48.58
2512	48.58
2513	48.58
2514	48.62
2515	48.62
2516	48.62
2517	48.67
2518	48.67
2519	48.67
2520	48.77
2521	48.77
2522	48.77
2523	48.82
2524	48.82
2525	48.83
2526	48.91
2527	48.91
2528	48.91
2529	48.99
2530	48.99
2531	48.99
2532	49.06
2533	49.06
2534	49.06
2535	49.08
2536	49.08
2537	49.08
2538	49.07
2539	49.07
2540	49.07
2541	49.08
2542	49.08
2543	49.08
2544	49.13
2545	49.13
2546	49.13
2547	49.14
2548	49.14
2549	49.14
2550	49.16
2551	49.16
2552	49.16
2553	49.15
2554	49.15
2555	49.15
2556	49.22
2557	49.22
2558	49.22
2559	49.27
2560	49.27
2561	49.27
2562	49.26
2563	49.26
2564	49.26
2565	49.21
2566	49.21
2567	49.21
2568	49.24
2569	49.24
2570	49.24
2571	49.24
2572	49.24
2573	49.24
2574	49.3
2575	49.3
2576	49.3
2577	49.36
2578	49.36
2579	49.36
2580	49.35
2581	49.35
2582	49.35
2583	49.42
2584	49.42
2585	49.42
2586	49.47
2587	49.47
2588	49.47
2589	49.56
2590	49.56
2591	49.56
2592	49.62
2593	49.62
2594	49.62
2595	49.62
2596	49.62
2597	49.62
2598	49.6
2599	49.6
2600	49.6
2601	49.65
2602	49.65
2603	49.65
2604	49.71
2605	49.71
2606	49.71
2607	49.76
2608	49.76
2609	49.76
2610	49.8
2611	49.8
2612	49.8
2613	49.83
2614	49.83
2615	49.83
2616	49.86
2617	49.86
2618	49.86
2619	49.99
2620	49.99
2621	49.99
2622	50.0
2623	50.0
2624	50.0
2625	50.0
2626	50.0
2627	50.0
2628	50.04
2629	50.04
2630	50.04
2631	50.07
2632	50.07
2633	50.07
2634	50.11
2635	50.11
2636	50.11
2637	50.13
2638	50.13
2639	50.13
2640	50.17
2641	50.17
2642	50.17
2643	50.21
2644	50.21
2645	50.21
2646	50.26
2647	50.26
2648	50.26
2649	50.33
2650	50.33
2651	50.33
2652	50.38
2653	50.38
2654	50.38
2655	50.45
2656	50.45
2657	50.45
2658	50.44
2659	50.44
2660	50.44
2661	50.45
2662	50.45
2663	50.45
2664	50.5
2665	50.5
2666	50.5
2667	50.55
2668	50.55
2669	50.56
2670	50.62
2671	50.62
2672	50.62
2673	50.66
2674	50.66
2675	50.66
2676	50.66
2677	50.66
2678	50.66
2679	50.68
2680	50.68
2681	50.68
2682	50.68
2683	50.68
2684	50.68
2685	50.68
2686	50.68
2687	50.68
2688	50.69
2689	50.69
2690	50.69
2691	50.74
2692	50.74
2693	50.74
2694	50.75
2695	50.75
2696	50.75
2697	50.77
2698	50.77
2699	50.78
2700	50.72
2701	50.72
2702	50.72
2703	50.76
2704	50.76
2705	50.76
2706	50.78
2707	50.78
2708	50.79
2709	50.83
2710	50.83
2711	50.83
2712	50.84
2713	50.84
2714	50.85
2715	50.92
2716	50.92
2717	50.93
2718	50.94
2719	50.94
2720	50.94
2721	50.91
2722	50.91
2723	50.92
2724	50.89
2725	50.89
2726	50.89
2727	50.91
2728	50.91
2729	50.91
2730	50.96
2731	50.96
2732	50.96
2733	51.02
2734	51.02
2735	51.02
2736	51.08
2737	51.08
2738	51.08
2739	51.1
2740	51.1
2741	51.1
2742	51.13
2743	51.13
2744	51.13
2745	51.17
2746	51.17
2747	51.17
2748	51.26
2749	51.26
2750	51.26
2751	51.3
2752	51.3
2753	51.3
2754	51.32
2755	51.32
2756	51.32
2757	51.37
2758	51.37
2759	51.37
2760	51.49
2761	51.49
2762	51.49
2763	51.48
2764	51.48
2765	51.48
2766	51.51
2767	51.51
2768	51.51
2769	51.57
2770	51.57
2771	51.57
2772	51.58
2773	51.58
2774	51.58
2775	51.58
2776	51.58
2777	51.58
2778	51.61
2779	51.61
2780	51.61
2781	51.69
2782	51.69
2783	51.7
2784	51.72
2785	51.72
2786	51.72
2787	51.75
2788	51.75
2789	51.75
2790	51.75
2791	51.75
2792	51.75
2793	51.79
2794	51.79
2795	51.79
2796	51.76
2797	51.76
2798	51.76
2799	51.76
2800	51.76
2801	51.76
2802	51.77
2803	51.77
2804	51.77
2805	51.78
2806	51.78
2807	51.78
2808	51.84
2809	51.84
2810	51.84
2811	51.89
2812	51.89
2813	51.89
2814	51.99
2815	51.99
2816	51.99
2817	52.0
2818	52.0
2819	52.0
2820	52.04
2821	52.04
2822	52.04
2823	52.08
2824	52.08
2825	52.08
2826	52.1
2827	52.1
2828	52.1
2829	52.1
2830	52.1
2831	52.1
2832	52.16
2833	52.16
2834	52.16
2835	52.23
2836	52.23
2837	52.23
2838	52.23
2839	52.23
2840	52.23
2841	52.24
2842	52.24
2843	52.24
2844	52.26
2845	52.26
2846	52.26
2847	52.27
2848	52.27
2849	52.27
2850	52.27
2851	52.27
2852	52.27
2853	52.27
2854	52.27
2855	52.27
2856	52.36
2857	52.36
2858	52.36
2859	52.39
2860	52.39
2861	52.39
2862	52.39
2863	52.39
2864	52.4
2865	52.41
2866	52.41
2867	52.41
2868	52.43
2869	52.43
2870	52.43
2871	52.5
2872	52.5
2873	52.5
2874	52.5
2875	52.5
2876	52.51
2877	52.5
2878	52.5
2879	52.5
2880	52.58
2881	52.58
2882	52.58
2883	52.6
2884	52.6
2885	52.6
2886	52.57
2887	52.57
2888	52.57
2889	52.55
2890	52.55
2891	52.55
2892	52.64
2893	52.64
2894	52.64
2895	52.68
2896	52.68
2897	52.68
2898	52.7
2899	52.7
2900	52.7
2901	52.68
2902	52.68
2903	52.68
2904	52.67
2905	52.67
2906	52.67
2907	52.7
2908	52.7
2909	52.7
2910	52.83
2911	52.83
2912	52.83
2913	52.82
2914	52.82
2915	52.82
2916	52.89
2917	52.89
2918	52.89
2919	52.9
2920	52.9
2921	52.9
2922	52.89
2923	52.89
2924	52.89
2925	52.93
2926	52.93
2927	52.94
2928	52.91
2929	52.91
2930	52.91
2931	52.96
2932	52.96
2933	52.96
2934	52.94
2935	52.94
2936	52.94
2937	53.01
2938	53.01
2939	53.01
2940	53.04
2941	53.04
2942	53.04
2943	53.06
2944	53.06
2945	53.06
2946	53.08
2947	53.08
2948	53.09
2949	53.04
2950	53.04
2951	53.04
2952	53.08
2953	53.08
2954	53.08
2955	53.11
2956	53.11
2957	53.11
2958	53.12
2959	53.12
2960	53.12
2961	53.11
2962	53.11
2963	53.11
2964	53.1
2965	53.1
2966	53.1
2967	53.15
2968	53.15
2969	53.16
2970	53.2
2971	53.2
2972	53.2
2973	53.2
2974	53.2
2975	53.2
2976	53.18
2977	53.18
2978	53.18
2979	53.17
2980	53.17
2981	53.17
2982	53.22
2983	53.22
2984	53.22
2985	53.19
2986	53.19
2987	53.19
2988	53.21
2989	53.21
2990	53.21
2991	53.21
2992	53.21
2993	53.21
2994	53.21
2995	53.21
2996	53.21
2997	53.21
2998	53.21
2999	53.22
3000	53.21
3001	53.21
3002	53.21
3003	53.26
3004	53.26
3005	53.26
3006	53.32
3007	53.32
3008	53.32
3009	53.32
3010	53.32
3011	53.33
3012	53.33
3013	53.33
3014	53.33
3015	53.39
3016	53.39
3017	53.39
3018	53.4
3019	53.4
3020	53.4
3021	53.45
3022	53.45
3023	53.45
3024	53.51
3025	53.51
3026	53.51
3027	53.52
3028	53.52
3029	53.52
3030	53.63
3031	53.63
3032	53.63
3033	53.67
3034	53.67
3035	53.67
3036	53.69
3037	53.69
3038	53.69
3039	53.76
3040	53.76
3041	53.77
3042	53.82
3043	53.82
3044	53.82
3045	53.91
3046	53.91
3047	53.91
3048	53.92
3049	53.92
3050	53.93
3051	53.99
3052	53.99
3053	53.99
3054	54.0
3055	54.0
3056	54.0
3057	54.04
3058	54.04
3059	54.05
3060	54.07
3061	54.07
3062	54.07
3063	54.11
3064	54.11
3065	54.11
3066	54.15
3067	54.15
3068	54.15
3069	54.14
3070	54.14
3071	54.14
3072	54.16
3073	54.16
3074	54.16
3075	54.21
3076	54.21
3077	54.22
3078	54.27
3079	54.27
3080	54.27
3081	54.3
3082	54.3
3083	54.3
3084	54.27
3085	54.27
3086	54.27
3087	54.31
3088	54.31
3089	54.31
3090	54.37
3091	54.37
3092	54.37
3093	54.48
3094	54.48
3095	54.48
3096	54.5
3097	54.5
3098	54.5
3099	54.54
3100	54.54
3101	54.54
3102	54.58
3103	54.58
3104	54.58
3105	54.59
3106	54.59
3107	54.59
3108	54.61
3109	54.61
3110	54.61
3111	54.65
3112	54.65
3113	54.65
3114	54.68
3115	54.68
3116	54.68
3117	54.67
3118	54.67
3119	54.67
3120	54.73
3121	54.73
3122	54.73
3123	54.79
3124	54.79
3125	54.79
3126	54.82
3127	54.82
3128	54.82
3129	54.87
3130	54.87
3131	54.87
3132	54.87
3133	54.87
3134	54.87
3135	54.94
3136	54.94
3137	54.94
3138	54.99
3139	54.99
3140	54.99
3141	55.0
3142	55.0
3143	55.0
3144	54.94
3145	54.94
3146	54.94
3147	54.97
3148	54.97
3149	54.97
3150	54.99
3151	54.99
3152	54.99
3153	54.96
3154	54.96
3155	54.97
3156	55.02
3157	55.02
3158	55.02
3159	55.01
3160	55.01
3161	55.01
3162	55.02
3163	55.02
3164	55.02
3165	55.07
3166	55.07
3167	55.07
3168	55.13
3169	55.13
3170	55.13
3171	55.2
3172	55.2
3173	55.2
3174	55.24
3175	55.24
3176	55.24
3177	55.23
3178	55.23
3179	55.23
3180	55.21
3181	55.21
3182	55.21
3183	55.17
3184	55.17
3185	55.17
3186	55.23
3187	55.23
3188	55.23
3189	55.27
3190	55.27
3191	55.27
3192	55.32
3193	55.32
3194	55.32
3195	55.28
3196	55.28
3197	55.28
3198	55.3
3199	55.3
3200	55.3
3201	55.33
3202	55.33
3203	55.33
3204	55.25
3205	55.25
3206	55.26
3207	55.3
3208	55.3
3209	55.3
3210	55.28
3211	55.28
3212	55.28
3213	55.33
3214	55.33
3215	55.34
3216	55.35
3217	55.35
3218	55.35
3219	55.43
3220	55.43
3221	55.43
3222	55.5
3223	55.5
3224	55.5
3225	55.58
3226	55.58
3227	55.58
3228	55.58
3229	55.58
3230	55.58
3231	55.57
3232	55.57
3233	55.57
3234	55.65
3235	55.65
3236	55.65
3237	55.66
3238	55.66
3239	55.66
3240	55.69
3241	55.69
3242	55.69
3243	55.75
3244	55.75
3245	55.75
3246	55.75
3247	55.75
3248	55.75
3249	55.72
3250	55.72
3251	55.72
3252	55.74
3253	55.74
3254	55.74
3255	55.75
3256	55.75
3257	55.75
3258	55.79
3259	55.79
3260	55.79
3261	55.83
3262	55.83
3263	55.83
3264	55.91
3265	55.91
3266	55.91
3267	55.95
3268	55.95
3269	55.96
3270	56.0
3271	56.0
3272	56.0
3273	56.01
3274	56.01
3275	56.01
3276	56.11
3277	56.11
3278	56.11
3279	56.22
3280	56.22
3281	56.22
3282	56.31
3283	56.31
3284	56.32
3285	56.31
3286	56.31
3287	56.31
3288	56.36
3289	56.36
3290	56.36
3291	56.38
3292	56.38
3293	56.38
3294	56.47
3295	56.47
3296	56.47
3297	56.46
3298	56.46
3299	56.46
3300	56.43
3301	56.43
3302	56.43
3303	56.47
3304	56.47
3305	56.47
3306	56.42
3307	56.42
3308	56.42
3309	56.42
3310	56.42
3311	56.42
3312	56.45
3313	56.45
3314	56.45
3315	56.47
3316	56.47
3317	56.47
3318	56.45
3319	56.45
3320	56.46
3321	56.48
3322	56.48
3323	56.48
3324	56.49
3325	56.49
3326	56.49
3327	56.58
3328	56.58
3329	56.58
3330	56.68
3331	56.68
3332	56.68
3333	56.7
3334	56.7
3335	56.7
3336	56.83
3337	56.83
3338	56.83
3339	56.77
3340	56.77
3341	56.77
3342	56.81
3343	56.81
3344	56.81
3345	56.87
3346	56.87
3347	56.87
3348	57.0
3349	57.0
3350	57.0
3351	57.07
3352	57.07
3353	57.07
3354	57.02
3355	57.02
3356	57.02
3357	57.03
3358	57.03
3359	57.03
3360	57.1
3361	57.1
3362	57.1
3363	57.1
3364	57.1
3365	57.1
3366	57.16
3367	57.16
3368	57.16
3369	57.18
3370	57.18
3371	57.18
3372	57.2
3373	57.2
3374	57.2
3375	57.24
3376	57.24
3377	57.24
3378	57.26
3379	57.26
3380	57.26
3381	57.25
3382	57.25
3383	57.25
3384	57.32
3385	57.32
3386	57.32
3387	57.39
3388	57.39
3389	57.39
3390	57.45
3391	57.45
3392	57.45
3393	57.47
3394	57.47
3395	57.47
3396	57.54
3397	57.54
3398	57.54
3399	57.56
3400	57.56
3401	57.56
3402	57.61
3403	57.61
3404	57.62
3405	57.63
3406	57.63
3407	57.63
3408	57.68
3409	57.68
3410	57.68
3411	57.75
3412	57.75
3413	57.75
3414	57.74
3415	57.74
3416	57.74
3417	57.79
3418	57.79
3419	57.79
3420	57.9
3421	57.9
3422	57.9
3423	57.97
3424	57.97
3425	57.97
3426	58.04
3427	58.04
3428	58.04
3429	58.05
3430	58.05
3431	58.05
3432	58.09
3433	58.09
3434	58.09
3435	58.15
3436	58.15
3437	58.15
3438	58.26
3439	58.26
3440	58.26
3441	58.25
3442	58.25
3443	58.25
3444	58.25
3445	58.25
3446	58.25
3447	58.28
3448	58.28
3449	58.28
3450	58.28
3451	58.28
3452	58.28
3453	58.31
3454	58.31
3455	58.31
3456	58.38
3457	58.38
3458	58.38
3459	58.39
3460	58.39
3461	58.39
3462	58.42
3463	58.42
3464	58.42
3465	58.44
3466	58.44
3467	58.44
3468	58.5
3469	58.5
3470	58.5
3471	58.54
3472	58.54
3473	58.54
3474	58.61
3475	58.61
3476	58.62
3477	58.62
3478	58.62
3479	58.62
3480	58.71
3481	58.71
3482	58.71
3483	58.75
3484	58.75
3485	58.75
3486	58.74
3487	58.74
3488	58.75
3489	58.79
3490	58.79
3491	58.79
3492	58.83
3493	58.83
3494	58.83
3495	58.85
3496	58.85
3497	58.85
3498	58.86
3499	58.86
3500	58.86
3501	58.9
3502	58.9
3503	58.9
3504	58.94
3505	58.94
3506	58.94
3507	58.96
3508	58.96
3509	58.96
3510	59.01
3511	59.01
3512	59.01
3513	59.03
3514	59.03
3515	59.03
3516	59.02
3517	59.02
3518	59.02
3519	59.05
3520	59.05
3521	59.05
3522	59.17
3523	59.17
3524	59.18
3525	59.16
3526	59.16
3527	59.16
3528	59.19
3529	59.19
3530	59.19
3531	59.24
3532	59.24
3533	59.24
3534	59.32
3535	59.32
3536	59.32
3537	59.34
3538	59.34
3539	59.34
3540	59.32
3541	59.32
3542	59.32
3543	59.3
3544	59.3
3545	59.3
3546	59.33
3547	59.33
3548	59.33
3549	59.32
3550	59.32
3551	59.32
3552	59.43
3553	59.43
3554	59.43
3555	59.41
3556	59.41
3557	59.41
3558	59.39
3559	59.39
3560	59.39
3561	59.39
3562	59.39
3563	59.39
3564	59.43
3565	59.43
3566	59.43
3567	59.45
3568	59.45
3569	59.45
3570	59.45
3571	59.45
3572	59.46
3573	59.54
3574	59.54
3575	59.54
3576	59.56
3577	59.56
3578	59.56
3579	59.49
3580	59.49
3581	59.49
3582	59.51
3583	59.51
3584	59.51
3585	59.56
3586	59.56
3587	59.56
3588	59.56
3589	59.56
3590	59.56
3591	59.56
3592	59.56
3593	59.56
3594	59.55
3595	59.55
3596	59.55
3597	59.54
3598	59.54
3599	59.54
3600	59.58
3601	59.58
3602	59.58
3603	59.59
3604	59.59
3605	59.59
3606	59.59
3607	59.59
3608	59.59
3609	59.67
3610	59.67
3611	59.67
3612	59.65
3613	59.65
3614	59.65
3615	59.7
3616	59.7
3617	59.7
3618	59.69
3619	59.69
3620	59.69
3621	59.73
3622	59.73
3623	59.73
3624	59.79
3625	59.79
3626	59.79
3627	59.86
3628	59.86
3629	59.86
3630	59.92
3631	59.92
3632	59.93
3633	59.92
3634	59.92
3635	59.92
3636	59.97
3637	59.97
3638	59.97
3639	59.92
3640	59.92
3641	59.92
3642	59.89
3643	59.89
3644	59.89
3645	59.92
3646	59.92
3647	59.92
3648	59.88
3649	59.88
3650	59.88
3651	59.96
3652	59.96
3653	59.96
3654	59.97
3655	59.97
3656	59.97
3657	59.98
3658	59.98
3659	59.98
3660	60.02
3661	60.02
3662	60.02
3663	60.06
3664	60.06
3665	60.06
3666	60.04
3667	60.04
3668	60.04
3669	60.07
3670	60.07
3671	60.07
3672	60.13
3673	60.13
3674	60.13
3675	60.14
3676	60.14
3677	60.14
3678	60.11
3679	60.11
3680	60.11
3681	60.11
3682	60.11
3683	60.11
3684	60.08
3685	60.08
3686	60.09
3687	60.16
3688	60.16
3689	60.16
3690	60.23
3691	60.23
3692	60.23
3693	60.28
3694	60.28
3695	60.28
3696	60.27
3697	60.27
3698	60.27
3699	60.23
3700	60.23
3701	60.23
3702	60.26
3703	60.26
3704	60.27
3705	60.21
3706	60.21
3707	60.21
3708	60.18
3709	60.18
3710	60.18
3711	60.18
3712	60.18
3713	60.18
3714	60.17
3715	60.17
3716	60.17
3717	60.21
3718	60.21
3719	60.21
3720	60.22
3721	60.22
3722	60.23
3723	60.28
3724	60.28
3725	60.28
3726	60.32
3727	60.32
3728	60.32
3729	60.38
3730	60.38
3731	60.38
3732	60.45
3733	60.45
3734	60.45
3735	60.5
3736	60.5
3737	60.5
3738	60.56
3739	60.56
3740	60.56
3741	60.63
3742	60.63
3743	60.63
3744	60.64
3745	60.64
3746	60.64
3747	60.68
3748	60.68
3749	60.68
3750	60.69
3751	60.69
3752	60.69
3753	60.78
3754	60.78
3755	60.78
3756	60.77
3757	60.77
3758	60.77
3759	60.83
3760	60.83
3761	60.83
3762	60.82
3763	60.82
3764	60.82
3765	60.89
3766	60.89
3767	60.89
3768	60.9
3769	60.9
3770	60.9
3771	60.9
3772	60.9
3773	60.9
3774	60.89
3775	60.89
3776	60.89
3777	60.91
3778	60.91
3779	60.91
3780	60.92
3781	60.92
3782	60.92
3783	60.95
3784	60.95
3785	60.95
3786	61.0
3787	61.0
3788	61.0
3789	60.96
3790	60.96
3791	60.97
3792	61.01
3793	61.01
3794	61.01
3795	61.01
3796	61.01
3797	61.01
3798	60.98
3799	60.98
3800	60.98
3801	60.97
3802	60.97
3803	60.97
3804	61.01
3805	61.01
3806	61.01
3807	60.99
3808	60.99
3809	60.99
3810	60.98
3811	60.98
3812	60.98
3813	60.98
3814	60.98
3815	60.98
3816	61.03
3817	61.03
3818	61.03
3819	61.01
3820	61.01
3821	61.01
3822	60.96
3823	60.96
3824	60.96
3825	60.98
3826	60.98
3827	60.98
3828	61.0
3829	61.0
3830	61.0
3831	61.06
3832	61.06
3833	61.06
3834	61.09
3835	61.09
3836	61.1
3837	61.07
3838	61.07
3839	61.07
3840	61.13
3841	61.13
3842	61.13
3843	61.19
3844	61.19
3845	61.19
3846	61.19
3847	61.19
3848	61.19
3849	61.23
3850	61.23
3851	61.23
3852	61.24
3853	61.24
3854	61.24
3855	61.27
3856	61.27
3857	61.27
3858	61.32
3859	61.32
3860	61.32
3861	61.36
3862	61.36
3863	61.36
3864	61.39
3865	61.39
3866	61.39
3867	61.48
3868	61.48
3869	61.48
3870	61.55
3871	61.55
3872	61.55
3873	61.56
3874	61.56
3875	61.56
3876	61.61
3877	61.61
3878	61.61
3879	61.56
3880	61.56
3881	61.56
3882	61.63
3883	61.63
3884	61.63
3885	61.68
3886	61.68
3887	61.68
3888	61.64
3889	61.64
3890	61.64
3891	61.67
3892	61.67
3893	61.67
3894	61.69
3895	61.69
3896	61.69
3897	61.71
3898	61.71
3899	61.72
3900	61.65
3901	61.65
3902	61.65
3903	61.69
3904	61.69
3905	61.69
3906	61.73
3907	61.73
3908	61.73
3909	61.75
3910	61.75
3911	61.75
3912	61.8
3913	61.8
3914	61.8
3915	61.84
3916	61.84
3917	61.84
3918	61.9
3919	61.9
3920	61.9
3921	61.87
3922	61.87
3923	61.87
3924	61.82
3925	61.82
3926	61.82
3927	61.84
3928	61.84
3929	61.84
3930	61.89
3931	61.89
3932	61.89
3933	61.86
3934	61.86
3935	61.86
3936	61.83
3937	61.83
3938	61.83
3939	61.84
3940	61.84
3941	61.84
3942	61.83
3943	61.83
3944	61.83
3945	61.95
3946	61.95
3947	61.95
3948	62.04
3949	62.04
3950	62.04
3951	62.1
3952	62.1
3953	62.11
3954	62.11
3955	62.11
3956	62.11
3957	62.16
3958	62.16
3959	62.16
3960	62.14
3961	62.14
3962	62.14
3963	62.18
3964	62.18
3965	62.18
3966	62.25
3967	62.25
3968	62.25
3969	62.21
3970	62.21
3971	62.21
3972	62.22
3973	62.22
3974	62.22
3975	62.28
3976	62.28
3977	62.28
3978	62.33
3979	62.33
3980	62.33
3981	62.34
3982	62.34
3983	62.34
3984	62.33
3985	62.33
3986	62.33
3987	62.34
3988	62.34
3989	62.34
3990	62.37
3991	62.37
3992	62.37
3993	62.35
3994	62.35
3995	62.35
3996	62.34
3997	62.34
3998	62.36
3999	62.38
4000	62.38
