0.00000, 0.67253, 0.52957, 0.00000, 0.41422, 0.00000, 0.47960, 0.00000, 0.49721, 0.00000, 0.50775, 0.39440, 0.00000, 0.46792, 0.49608, 0.55167, 0.00000, 0.00000, 0.00000, 0.55209, 0.69405, 0.00000, 0.00000, 0.48857, 0.00000
0.53168, 0.00000, 0.00000, 0.53690, 0.00000, 0.41882, 0.00000, 0.62832, 0.00000, 0.57738, 0.00000, 0.00000, 0.43351, 0.00000, 0.00000, 0.00000, 0.55109, 0.66624, 0.49711, 0.00000, 0.00000, 0.60159, 0.60712, 0.00000, 0.47185
0.70050, 0.00000, 0.00000, 0.70738, 0.00000, 0.55181, 0.00000, 0.82782, 0.00000, 0.76071, 0.00000, 0.00000, 0.57116, 0.00000, 0.00000, 0.00000, 0.72608, 0.87779, 0.65495, 0.00000, 0.00000, 0.79261, 0.79990, 0.00000, 0.62168
0.37362, 0.00000, 0.00000, 0.37729, 0.00000, 0.29432, 0.00000, 0.44153, 0.00000, 0.40574, 0.00000, 0.00000, 0.30464, 0.00000, 0.00000, 0.00000, 0.38727, 0.46818, 0.34933, 0.00000, 0.00000, 0.42275, 0.42664, 0.00000, 0.33158
0.00000, 0.66098, 0.52048, 0.00000, 0.40711, 0.00000, 0.47137, 0.00000, 0.48868, 0.00000, 0.49903, 0.38763, 0.00000, 0.45988, 0.48756, 0.54220, 0.00000, 0.00000, 0.00000, 0.54262, 0.68214, 0.00000, 0.00000, 0.48018, 0.00000
0.48020, 0.00000, 0.00000, 0.48492, 0.00000, 0.37827, 0.00000, 0.56749, 0.00000, 0.52148, 0.00000, 0.00000, 0.39154, 0.00000, 0.00000, 0.00000, 0.49774, 0.60174, 0.44898, 0.00000, 0.00000, 0.54335, 0.54835, 0.00000, 0.42617
0.39936, 0.00000, 0.00000, 0.40328, 0.00000, 0.31459, 0.00000, 0.47195, 0.00000, 0.43369, 0.00000, 0.00000, 0.32563, 0.00000, 0.00000, 0.00000, 0.41394, 0.50044, 0.37339, 0.00000, 0.00000, 0.45187, 0.45603, 0.00000, 0.35442
0.37345, 0.00000, 0.00000, 0.37711, 0.00000, 0.29418, 0.00000, 0.44133, 0.00000, 0.40555, 0.00000, 0.00000, 0.30450, 0.00000, 0.00000, 0.00000, 0.38708, 0.46796, 0.34916, 0.00000, 0.00000, 0.42255, 0.42644, 0.00000, 0.33143
0.00000, 0.74351, 0.58546, 0.00000, 0.45794, 0.00000, 0.53022, 0.00000, 0.54969, 0.00000, 0.56133, 0.43603, 0.00000, 0.51730, 0.54844, 0.60989, 0.00000, 0.00000, 0.00000, 0.61036, 0.76731, 0.00000, 0.00000, 0.54014, 0.00000
0.00000, 0.82586, 0.65031, 0.00000, 0.50866, 0.00000, 0.58895, 0.00000, 0.61057, 0.00000, 0.62351, 0.48432, 0.00000, 0.57460, 0.60918, 0.67744, 0.00000, 0.00000, 0.00000, 0.67797, 0.85230, 0.00000, 0.00000, 0.59996, 0.00000
0.00000, 0.93402, 0.73547, 0.00000, 0.57528, 0.00000, 0.66608, 0.00000, 0.69053, 0.00000, 0.70516, 0.54775, 0.00000, 0.64985, 0.68896, 0.76616, 0.00000, 0.00000, 0.00000, 0.76676, 0.96391, 0.00000, 0.00000, 0.67854, 0.00000
0.00000, 0.66611, 0.52451, 0.00000, 0.41027, 0.00000, 0.47502, 0.00000, 0.49246, 0.00000, 0.50290, 0.39063, 0.00000, 0.46345, 0.49134, 0.54640, 0.00000, 0.00000, 0.00000, 0.54682, 0.68743, 0.00000, 0.00000, 0.48391, 0.00000
0.44027, 0.00000, 0.00000, 0.44460, 0.00000, 0.34682, 0.00000, 0.52030, 0.00000, 0.47812, 0.00000, 0.00000, 0.35899, 0.00000, 0.00000, 0.00000, 0.45635, 0.55170, 0.41165, 0.00000, 0.00000, 0.49817, 0.50275, 0.00000, 0.39073
0.00000, 0.79262, 0.62413, 0.00000, 0.48819, 0.00000, 0.56524, 0.00000, 0.58600, 0.00000, 0.59841, 0.46483, 0.00000, 0.55147, 0.58466, 0.65018, 0.00000, 0.00000, 0.00000, 0.65068, 0.81799, 0.00000, 0.00000, 0.57582, 0.00000
0.66503, 0.00000, 0.00000, 0.67156, 0.00000, 0.52387, 0.00000, 0.78591, 0.00000, 0.72220, 0.00000, 0.00000, 0.54225, 0.00000, 0.00000, 0.00000, 0.68932, 0.83335, 0.62179, 0.00000, 0.00000, 0.75248, 0.75940, 0.00000, 0.59020
0.00000, 0.71809, 0.56544, 0.00000, 0.44228, 0.00000, 0.51209, 0.00000, 0.53089, 0.00000, 0.54214, 0.42112, 0.00000, 0.49961, 0.52968, 0.58904, 0.00000, 0.00000, 0.00000, 0.58949, 0.74107, 0.00000, 0.00000, 0.52167, 0.00000
0.00000, 0.51165, 0.40289, 0.00000, 0.31514, 0.00000, 0.36488, 0.00000, 0.37827, 0.00000, 0.38629, 0.30006, 0.00000, 0.35599, 0.37741, 0.41970, 0.00000, 0.00000, 0.00000, 0.42003, 0.52803, 0.00000, 0.00000, 0.37170, 0.00000
0.00000, 0.57591, 0.45348, 0.00000, 0.35471, 0.00000, 0.41070, 0.00000, 0.42578, 0.00000, 0.43480, 0.33774, 0.00000, 0.40069, 0.42481, 0.47241, 0.00000, 0.00000, 0.00000, 0.47278, 0.59434, 0.00000, 0.00000, 0.41838, 0.00000
0.00000, 0.61140, 0.48143, 0.00000, 0.37657, 0.00000, 0.43601, 0.00000, 0.45202, 0.00000, 0.46159, 0.35855, 0.00000, 0.42538, 0.45099, 0.50152, 0.00000, 0.00000, 0.00000, 0.50191, 0.63097, 0.00000, 0.00000, 0.44416, 0.00000
0.59505, 0.00000, 0.00000, 0.60090, 0.00000, 0.46874, 0.00000, 0.70321, 0.00000, 0.64620, 0.00000, 0.00000, 0.48519, 0.00000, 0.00000, 0.00000, 0.61678, 0.74566, 0.55636, 0.00000, 0.00000, 0.67330, 0.67949, 0.00000, 0.52810
0.00000, 0.75433, 0.59398, 0.00000, 0.46460, 0.00000, 0.53793, 0.00000, 0.55769, 0.00000, 0.56950, 0.44237, 0.00000, 0.52483, 0.55642, 0.61876, 0.00000, 0.00000, 0.00000, 0.61924, 0.77847, 0.00000, 0.00000, 0.54800, 0.00000
0.61261, 0.00000, 0.00000, 0.61863, 0.00000, 0.48258, 0.00000, 0.72396, 0.00000, 0.66527, 0.00000, 0.00000, 0.49950, 0.00000, 0.00000, 0.00000, 0.63498, 0.76766, 0.57278, 0.00000, 0.00000, 0.69317, 0.69954, 0.00000, 0.54368
0.63021, 0.00000, 0.00000, 0.63640, 0.00000, 0.49644, 0.00000, 0.74476, 0.00000, 0.68439, 0.00000, 0.00000, 0.51386, 0.00000, 0.00000, 0.00000, 0.65323, 0.78972, 0.58924, 0.00000, 0.00000, 0.71308, 0.71964, 0.00000, 0.55930
0.00000, 0.75352, 0.59334, 0.00000, 0.46410, 0.00000, 0.53736, 0.00000, 0.55709, 0.00000, 0.56889, 0.44189, 0.00000, 0.52426, 0.55582, 0.61810, 0.00000, 0.00000, 0.00000, 0.61858, 0.77763, 0.00000, 0.00000, 0.54741, 0.00000
0.00000, 0.56957, 0.44850, 0.00000, 0.35081, 0.00000, 0.40618, 0.00000, 0.42109, 0.00000, 0.43001, 0.33402, 0.00000, 0.39628, 0.42013, 0.46721, 0.00000, 0.00000, 0.00000, 0.46757, 0.58780, 0.00000, 0.00000, 0.41378, 0.00000
