1	0.39
2	0.73
3	1.17
4	1.47
5	1.87
6	2.07
7	2.4
8	2.75
9	2.98
10	3.22
11	3.46
12	3.66
13	3.96
14	4.18
15	4.43
16	4.67
17	4.91
18	5.16
19	5.38
20	5.67
21	5.94
22	6.13
23	6.39
24	6.62
25	6.8
26	7.07
27	7.24
28	7.46
29	7.68
30	7.81
31	8.0
32	8.27
33	8.54
34	8.77
35	9.02
36	9.26
37	9.39
38	9.66
39	9.91
40	10.09
41	10.22
42	10.34
43	10.52
44	10.71
45	10.95
46	11.11
47	11.26
48	11.41
49	11.62
50	11.77
51	11.96
52	12.09
53	12.19
54	12.46
55	12.61
56	12.72
57	12.82
58	12.89
59	13.01
60	13.15
61	13.36
62	13.54
63	13.74
64	13.96
65	14.06
66	14.22
67	14.42
68	14.54
69	14.69
70	14.88
71	15.13
72	15.38
73	15.52
74	15.68
75	15.83
76	16.0
77	16.14
78	16.21
79	16.38
80	16.48
81	16.62
82	16.75
83	16.87
84	16.96
85	17.06
86	17.26
87	17.41
88	17.47
89	17.57
90	17.77
91	17.96
92	18.12
93	18.32
94	18.54
95	18.74
96	18.8
97	18.96
98	19.12
99	19.28
100	19.42
101	19.51
102	19.67
103	19.77
104	19.93
105	20.01
106	20.16
107	20.25
108	20.37
109	20.54
110	20.61
111	20.73
112	20.88
113	20.97
114	21.08
115	21.2
116	21.25
117	21.38
118	21.5
119	21.62
120	21.74
121	21.84
122	21.88
123	21.96
124	22.12
125	22.25
126	22.45
127	22.58
128	22.69
129	22.84
130	22.91
131	23.03
132	23.11
133	23.34
134	23.43
135	23.58
136	23.65
137	23.75
138	23.83
139	24.02
140	24.13
141	24.19
142	24.37
143	24.49
144	24.59
145	24.69
146	24.82
147	24.97
148	25.04
149	25.26
150	25.37
151	25.5
152	25.61
153	25.63
154	25.77
155	25.86
156	25.94
157	26.08
158	26.2
159	26.32
160	26.38
161	26.55
162	26.64
163	26.76
164	26.92
165	27.07
166	27.2
167	27.32
168	27.36
169	27.48
170	27.57
171	27.72
172	27.81
173	27.95
174	28.01
175	28.1
176	28.19
177	28.29
178	28.41
179	28.46
180	28.48
181	28.47
182	28.58
183	28.63
184	28.71
185	28.75
186	28.89
187	29.01
188	29.06
189	29.09
190	29.18
191	29.25
192	29.29
193	29.43
194	29.52
195	29.62
196	29.67
197	29.76
198	29.87
199	30.0
200	30.09
201	30.15
202	30.21
203	30.25
204	30.39
205	30.49
206	30.57
207	30.62
208	30.71
209	30.76
210	30.84
211	30.89
212	30.97
213	31.1
214	31.17
215	31.25
216	31.39
217	31.54
218	31.59
219	31.69
220	31.74
221	31.85
222	31.97
223	32.1
224	32.15
225	32.18
226	32.26
227	32.37
228	32.48
229	32.58
230	32.69
231	32.8
232	32.93
233	32.98
234	33.05
235	33.16
236	33.35
237	33.45
238	33.53
239	33.64
240	33.7
241	33.8
242	33.87
243	33.93
244	34.03
245	34.18
246	34.27
247	34.35
248	34.4
249	34.39
250	34.48
251	34.56
252	34.65
253	34.71
254	34.77
255	34.94
256	34.99
257	35.07
258	35.14
259	35.19
260	35.26
261	35.31
262	35.41
263	35.59
264	35.68
265	35.67
266	35.77
267	35.85
268	35.95
269	36.01
270	36.06
271	36.1
272	36.14
273	36.23
274	36.3
275	36.36
276	36.48
277	36.56
278	36.67
279	36.69
280	36.76
281	36.83
282	36.91
283	37.01
284	37.03
285	37.08
286	37.16
287	37.24
288	37.26
289	37.29
290	37.39
291	37.44
292	37.52
293	37.59
294	37.68
295	37.83
296	37.86
297	37.91
298	38.0
299	38.09
300	38.19
301	38.22
302	38.28
303	38.34
304	38.33
305	38.37
306	38.48
307	38.63
308	38.75
309	38.82
310	38.93
311	39.11
312	39.17
313	39.18
314	39.26
315	39.27
316	39.31
317	39.41
318	39.55
319	39.61
320	39.59
321	39.66
322	39.73
323	39.84
324	39.95
325	40.06
326	40.13
327	40.28
328	40.37
329	40.45
330	40.51
331	40.55
332	40.62
333	40.69
334	40.74
335	40.82
336	40.9
337	40.99
338	41.12
339	41.18
340	41.2
341	41.26
342	41.34
343	41.37
344	41.44
345	41.49
346	41.59
347	41.62
348	41.71
349	41.75
350	41.79
351	41.86
352	41.97
353	42.0
354	42.02
355	42.11
356	42.23
357	42.3
358	42.34
359	42.45
360	42.51
361	42.59
362	42.61
363	42.6
364	42.66
365	42.75
366	42.79
367	42.86
368	42.94
369	43.0
370	43.06
371	43.16
372	43.24
373	43.32
374	43.37
375	43.44
376	43.46
377	43.52
378	43.57
379	43.63
380	43.66
381	43.67
382	43.7
383	43.77
384	43.82
385	43.89
386	43.92
387	43.96
388	44.05
389	44.11
390	44.22
391	44.22
392	44.28
393	44.29
394	44.3
395	44.35
396	44.39
397	44.41
398	44.45
399	44.59
400	44.64
401	44.68
402	44.75
403	44.76
404	44.83
405	44.89
406	44.92
407	44.91
408	45.02
409	45.1
410	45.2
411	45.25
412	45.29
413	45.28
414	45.33
415	45.35
416	45.43
417	45.5
418	45.53
419	45.65
420	45.69
421	45.76
422	45.78
423	45.81
424	45.85
425	45.92
426	46.04
427	46.13
428	46.19
429	46.22
430	46.3
431	46.35
432	46.43
433	46.56
434	46.61
435	46.68
436	46.8
437	46.9
438	46.98
439	47.02
440	47.04
441	47.14
442	47.17
443	47.26
444	47.34
445	47.43
446	47.51
447	47.58
448	47.66
449	47.72
450	47.76
451	47.87
452	47.9
453	48.03
454	48.12
455	48.19
456	48.28
457	48.33
458	48.41
459	48.41
460	48.47
461	48.53
462	48.61
463	48.66
464	48.74
465	48.84
466	48.94
467	48.98
468	49.01
469	49.08
470	49.14
471	49.2
472	49.21
473	49.26
474	49.33
475	49.37
476	49.44
477	49.54
478	49.61
479	49.67
480	49.71
481	49.75
482	49.77
483	49.78
484	49.85
485	49.86
486	49.9
487	49.95
488	50.04
489	50.11
490	50.11
491	50.19
492	50.25
493	50.28
494	50.28
495	50.35
496	50.37
497	50.44
498	50.41
499	50.46
500	50.48
501	50.59
502	50.66
503	50.66
504	50.71
505	50.78
506	50.74
507	50.73
508	50.75
509	50.8
510	50.84
511	50.89
512	50.95
513	50.92
514	50.93
515	51.0
516	51.04
517	51.11
518	51.14
519	51.22
520	51.25
521	51.33
522	51.41
523	51.38
524	51.46
525	51.48
526	51.54
527	51.6
528	51.6
529	51.63
530	51.66
531	51.69
532	51.7
533	51.78
534	51.85
535	51.98
536	52.01
537	52.04
538	52.13
539	52.14
540	52.18
541	52.25
542	52.31
543	52.33
544	52.37
545	52.44
546	52.49
547	52.54
548	52.59
549	52.64
550	52.67
551	52.74
552	52.73
553	52.72
554	52.77
555	52.82
556	52.88
557	52.93
558	53.03
559	53.09
560	53.11
561	53.16
562	53.17
563	53.27
564	53.32
565	53.36
566	53.38
567	53.43
568	53.43
569	53.48
570	53.58
571	53.66
572	53.73
573	53.79
574	53.81
575	53.87
576	53.91
577	53.9
578	53.97
579	53.99
580	54.02
581	54.03
582	54.08
583	54.12
584	54.18
585	54.22
586	54.29
587	54.35
588	54.38
589	54.44
590	54.49
591	54.52
592	54.59
593	54.71
594	54.71
595	54.79
596	54.82
597	54.85
598	54.91
599	54.93
600	54.96
601	55.01
602	55.06
603	55.14
604	55.16
605	55.19
606	55.24
607	55.28
608	55.32
609	55.37
610	55.38
611	55.42
612	55.43
613	55.4
614	55.43
615	55.48
616	55.54
617	55.54
618	55.64
619	55.71
620	55.79
621	55.91
622	55.95
623	56.0
624	56.0
625	56.01
626	56.09
627	56.14
628	56.15
629	56.16
630	56.22
631	56.3
632	56.36
633	56.37
634	56.39
635	56.4
636	56.43
637	56.47
638	56.53
639	56.6
640	56.67
641	56.71
642	56.8
643	56.83
644	56.86
645	56.89
646	56.92
647	56.91
648	56.93
649	56.94
650	56.98
651	57.0
652	57.06
653	57.17
654	57.22
655	57.28
656	57.35
657	57.38
658	57.38
659	57.42
660	57.42
661	57.51
662	57.52
663	57.57
664	57.64
665	57.74
666	57.82
667	57.83
668	57.88
669	57.96
670	58.05
671	58.09
672	58.12
673	58.18
674	58.27
675	58.3
676	58.38
677	58.46
678	58.53
679	58.59
680	58.64
681	58.61
682	58.64
683	58.63
684	58.65
685	58.7
686	58.73
687	58.7
688	58.77
689	58.84
690	58.98
691	59.1
692	59.16
693	59.23
694	59.28
695	59.27
696	59.32
697	59.36
698	59.36
699	59.47
700	59.49
701	59.51
702	59.52
703	59.54
704	59.63
705	59.62
706	59.6
707	59.66
708	59.71
709	59.87
710	59.95
711	59.95
712	59.95
713	60.0
714	60.09
715	60.22
716	60.25
717	60.28
718	60.34
719	60.35
720	60.42
721	60.46
722	60.58
723	60.6
724	60.69
725	60.78
726	60.83
727	60.9
728	60.93
729	60.94
730	61.02
731	61.09
732	61.12
733	61.19
734	61.21
735	61.19
736	61.22
737	61.23
738	61.24
739	61.27
740	61.3
741	61.36
742	61.34
743	61.43
744	61.52
745	61.59
746	61.63
747	61.7
748	61.7
749	61.74
750	61.73
751	61.76
752	61.74
753	61.78
754	61.82
755	61.81
756	61.85
757	61.9
758	61.95
759	62.01
760	62.07
761	62.1
762	62.07
763	62.08
764	62.14
765	62.21
766	62.26
767	62.32
768	62.45
769	62.51
770	62.6
771	62.62
772	62.6
773	62.62
774	62.61
775	62.61
776	62.65
777	62.67
778	62.69
779	62.68
780	62.76
781	62.77
782	62.83
783	62.88
784	62.9
785	62.9
786	62.94
787	62.91
788	62.9
789	62.93
790	62.98
791	63.03
792	63.06
793	63.07
794	63.07
795	63.04
796	63.09
797	63.1
798	63.08
799	63.1
800	63.11
801	63.18
802	63.22
803	63.23
804	63.28
805	63.31
806	63.34
807	63.36
808	63.4
809	63.44
810	63.41
811	63.44
812	63.51
813	63.52
814	63.52
815	63.54
816	63.61
817	63.66
818	63.64
819	63.69
820	63.74
821	63.77
822	63.82
823	63.86
824	63.91
825	63.96
826	63.99
827	64.01
828	64.0
829	63.99
830	63.99
831	64.02
832	64.03
833	64.04
834	64.06
835	64.1
836	64.08
837	64.08
838	64.12
839	64.13
840	64.15
841	64.2
842	64.25
843	64.32
844	64.35
845	64.39
846	64.47
847	64.47
848	64.5
849	64.46
850	64.47
851	64.51
852	64.55
853	64.61
854	64.61
855	64.62
856	64.65
857	64.67
858	64.68
859	64.72
860	64.76
861	64.78
862	64.74
863	64.79
864	64.81
865	64.88
866	64.89
867	64.89
868	64.94
869	64.9
870	64.96
871	65.0
872	65.06
873	65.13
874	65.13
875	65.17
876	65.24
877	65.24
878	65.23
879	65.22
880	65.21
881	65.3
882	65.32
883	65.31
884	65.35
885	65.37
886	65.42
887	65.47
888	65.5
889	65.54
890	65.55
891	65.5
892	65.55
893	65.57
894	65.57
895	65.58
896	65.61
897	65.68
898	65.74
899	65.78
900	65.75
901	65.85
902	65.9
903	65.93
904	65.94
905	65.92
906	65.93
907	65.91
908	65.93
909	65.98
910	66.04
911	66.08
912	66.08
913	66.08
914	66.05
915	66.06
916	66.08
917	66.04
918	66.03
919	66.05
920	66.05
921	66.11
922	66.16
923	66.17
924	66.25
925	66.28
926	66.3
927	66.35
928	66.37
929	66.39
930	66.42
931	66.47
932	66.49
933	66.49
934	66.58
935	66.63
936	66.67
937	66.65
938	66.67
939	66.66
940	66.68
941	66.73
942	66.75
943	66.76
944	66.82
945	66.86
946	66.88
947	66.89
948	66.94
949	66.94
950	66.99
951	67.05
952	67.06
953	67.13
954	67.16
955	67.2
956	67.22
957	67.26
958	67.25
959	67.26
960	67.26
961	67.28
962	67.31
963	67.38
964	67.41
965	67.44
966	67.51
967	67.54
968	67.62
969	67.58
970	67.66
971	67.66
972	67.66
973	67.69
974	67.73
975	67.73
976	67.81
977	67.82
978	67.86
979	67.88
980	67.91
981	67.99
982	68.0
983	68.02
984	68.07
985	68.11
986	68.16
987	68.21
988	68.24
989	68.3
990	68.36
991	68.46
992	68.47
993	68.55
994	68.59
995	68.6
996	68.66
997	68.66
998	68.7
999	68.77
1000	68.83
1001	68.85
1002	68.89
1003	68.93
1004	69.0
1005	69.07
1006	69.1
1007	69.13
1008	69.19
1009	69.2
1010	69.2
1011	69.27
1012	69.32
1013	69.35
1014	69.37
1015	69.38
1016	69.4
1017	69.42
1018	69.42
1019	69.45
1020	69.52
1021	69.55
1022	69.58
1023	69.59
1024	69.6
1025	69.62
1026	69.64
1027	69.7
1028	69.72
1029	69.8
1030	69.83
1031	69.88
1032	69.97
1033	70.09
1034	70.11
1035	70.14
1036	70.25
1037	70.25
1038	70.33
1039	70.41
1040	70.53
1041	70.57
1042	70.6
1043	70.6
1044	70.66
1045	70.72
1046	70.8
1047	70.83
1048	70.85
1049	70.91
1050	70.98
1051	70.99
1052	71.06
1053	71.09
1054	71.11
1055	71.15
1056	71.18
1057	71.22
1058	71.24
1059	71.3
1060	71.33
1061	71.41
1062	71.42
1063	71.46
1064	71.47
1065	71.45
1066	71.46
1067	71.49
1068	71.52
1069	71.57
1070	71.58
1071	71.68
1072	71.72
1073	71.79
1074	71.82
1075	71.91
1076	71.95
1077	71.97
1078	72.0
1079	72.01
1080	72.05
1081	72.09
1082	72.13
1083	72.15
1084	72.21
1085	72.29
1086	72.34
1087	72.37
1088	72.41
1089	72.45
1090	72.49
1091	72.51
1092	72.55
1093	72.63
1094	72.65
1095	72.63
1096	72.66
1097	72.65
1098	72.7
1099	72.71
1100	72.74
1101	72.77
1102	72.78
1103	72.81
1104	72.84
1105	72.88
1106	72.87
1107	72.89
1108	72.88
1109	72.97
1110	73.0
1111	73.06
1112	73.1
1113	73.21
1114	73.24
1115	73.31
1116	73.34
1117	73.41
1118	73.44
1119	73.45
1120	73.52
1121	73.58
1122	73.6
1123	73.65
1124	73.76
1125	73.82
1126	73.85
1127	73.91
1128	73.94
1129	73.92
1130	73.91
1131	73.95
1132	73.97
1133	73.98
1134	73.98
1135	74.02
1136	74.07
1137	74.11
1138	74.14
1139	74.22
1140	74.26
1141	74.32
1142	74.37
1143	74.44
1144	74.49
1145	74.54
1146	74.52
1147	74.58
1148	74.62
1149	74.62
1150	74.65
1151	74.66
1152	74.7
1153	74.75
1154	74.82
1155	74.85
1156	74.86
1157	74.92
1158	74.91
1159	74.97
1160	74.99
1161	75.02
1162	75.01
1163	75.04
1164	75.08
1165	75.14
1166	75.14
1167	75.22
1168	75.26
1169	75.28
1170	75.3
1171	75.33
1172	75.38
1173	75.37
1174	75.47
1175	75.5
1176	75.55
1177	75.57
1178	75.66
1179	75.68
1180	75.69
1181	75.68
1182	75.73
1183	75.79
1184	75.83
1185	75.86
1186	75.88
1187	75.9
1188	75.9
1189	75.93
1190	75.99
1191	75.96
1192	75.96
1193	75.98
1194	76.01
1195	76.01
1196	76.01
1197	76.0
1198	75.98
1199	75.97
1200	76.0
1201	75.98
1202	75.98
1203	76.0
1204	76.03
1205	76.08
1206	76.13
1207	76.17
1208	76.17
1209	76.27
1210	76.26
1211	76.31
1212	76.37
1213	76.4
1214	76.41
1215	76.41
1216	76.41
1217	76.45
1218	76.45
1219	76.45
1220	76.47
1221	76.52
1222	76.52
1223	76.55
1224	76.57
1225	76.57
1226	76.61
1227	76.65
1228	76.67
1229	76.7
1230	76.75
1231	76.77
1232	76.77
1233	76.77
1234	76.74
1235	76.78
1236	76.77
1237	76.76
1238	76.76
1239	76.85
1240	76.87
1241	76.89
1242	76.93
1243	76.9
1244	76.94
1245	76.95
1246	76.95
1247	76.99
1248	77.04
1249	77.04
1250	77.13
1251	77.16
1252	77.19
1253	77.23
1254	77.23
1255	77.23
1256	77.26
1257	77.3
1258	77.3
1259	77.33
1260	77.38
1261	77.39
1262	77.42
1263	77.44
1264	77.48
1265	77.48
1266	77.49
1267	77.47
1268	77.5
1269	77.53
1270	77.54
1271	77.58
1272	77.57
1273	77.57
1274	77.56
1275	77.6
1276	77.6
1277	77.6
1278	77.61
1279	77.6
1280	77.61
1281	77.66
1282	77.73
1283	77.74
1284	77.78
1285	77.82
1286	77.78
1287	77.85
1288	77.91
1289	77.89
1290	77.9
1291	77.97
1292	78.05
1293	78.1
1294	78.1
1295	78.15
1296	78.14
1297	78.18
1298	78.17
1299	78.14
1300	78.14
1301	78.19
1302	78.19
1303	78.21
1304	78.29
1305	78.29
1306	78.3
1307	78.36
1308	78.37
1309	78.37
1310	78.4
1311	78.46
1312	78.48
1313	78.47
1314	78.47
1315	78.44
1316	78.52
1317	78.59
1318	78.58
1319	78.56
1320	78.58
1321	78.61
1322	78.6
1323	78.61
1324	78.64
1325	78.63
1326	78.59
1327	78.62
1328	78.62
1329	78.61
1330	78.64
1331	78.69
1332	78.73
1333	78.8
1334	78.8
1335	78.77
1336	78.8
1337	78.79
1338	78.83
1339	78.87
1340	78.92
1341	78.89
1342	78.88
1343	78.87
1344	78.91
1345	78.92
1346	78.96
1347	79.04
1348	79.03
1349	79.07
1350	79.09
1351	79.1
1352	79.08
1353	79.15
1354	79.2
1355	79.24
1356	79.29
1357	79.32
1358	79.33
1359	79.38
1360	79.4
1361	79.45
1362	79.48
1363	79.46
1364	79.48
1365	79.51
1366	79.52
1367	79.51
1368	79.51
1369	79.54
1370	79.57
1371	79.56
1372	79.61
1373	79.61
1374	79.63
1375	79.63
1376	79.66
1377	79.69
1378	79.7
1379	79.71
1380	79.72
1381	79.73
1382	79.73
1383	79.81
1384	79.86
1385	79.9
1386	79.99
1387	80.01
1388	80.04
1389	80.04
1390	80.05
1391	80.08
1392	80.08
1393	80.07
1394	80.13
1395	80.14
1396	80.2
1397	80.2
1398	80.24
1399	80.32
1400	80.34
1401	80.36
1402	80.36
1403	80.37
1404	80.41
1405	80.43
1406	80.4
1407	80.43
1408	80.43
1409	80.35
1410	80.38
1411	80.44
1412	80.47
1413	80.49
1414	80.52
1415	80.57
1416	80.61
1417	80.64
1418	80.69
1419	80.75
1420	80.77
1421	80.76
1422	80.78
1423	80.78
1424	80.78
1425	80.81
1426	80.81
1427	80.84
1428	80.81
1429	80.83
1430	80.85
1431	80.86
1432	80.85
1433	80.84
1434	80.87
1435	80.94
1436	80.97
1437	81.04
1438	81.08
1439	81.07
1440	81.12
1441	81.14
1442	81.16
1443	81.16
1444	81.18
1445	81.19
1446	81.21
1447	81.19
1448	81.22
1449	81.21
1450	81.22
1451	81.26
1452	81.28
1453	81.33
1454	81.36
1455	81.38
1456	81.4
1457	81.4
1458	81.39
1459	81.4
1460	81.44
1461	81.46
1462	81.5
1463	81.49
1464	81.5
1465	81.48
1466	81.5
1467	81.51
1468	81.53
1469	81.52
1470	81.47
1471	81.5
1472	81.52
1473	81.54
1474	81.56
1475	81.56
1476	81.57
1477	81.57
1478	81.58
1479	81.6
1480	81.61
1481	81.63
1482	81.7
1483	81.78
1484	81.84
1485	81.85
1486	81.86
1487	81.85
1488	81.94
1489	81.94
1490	81.97
1491	82.02
1492	82.03
1493	82.09
1494	82.13
1495	82.13
1496	82.07
1497	82.1
1498	82.06
1499	82.07
1500	82.05
1501	82.07
1502	82.11
1503	82.14
1504	82.13
1505	82.1
1506	82.2
1507	82.23
1508	82.24
1509	82.26
1510	82.25
1511	82.3
1512	82.3
1513	82.31
1514	82.33
1515	82.33
1516	82.34
1517	82.41
1518	82.42
1519	82.47
1520	82.52
1521	82.58
1522	82.61
1523	82.62
1524	82.69
1525	82.71
1526	82.71
1527	82.73
1528	82.79
1529	82.83
1530	82.83
1531	82.82
1532	82.85
1533	82.87
1534	82.86
1535	82.87
1536	82.86
1537	82.9
1538	82.89
1539	82.93
1540	82.94
1541	83.01
1542	83.06
1543	83.11
1544	83.13
1545	83.12
1546	83.17
1547	83.17
1548	83.21
1549	83.25
1550	83.28
1551	83.35
1552	83.4
1553	83.42
1554	83.45
1555	83.47
1556	83.52
1557	83.5
1558	83.51
1559	83.48
1560	83.54
1561	83.6
1562	83.64
1563	83.63
1564	83.65
1565	83.66
1566	83.67
1567	83.69
1568	83.69
1569	83.74
1570	83.78
1571	83.82
1572	83.9
1573	83.93
1574	83.97
1575	83.97
1576	84.0
1577	83.98
1578	83.99
1579	83.98
1580	84.02
1581	84.03
1582	84.03
1583	84.04
1584	84.12
1585	84.14
1586	84.18
1587	84.21
1588	84.25
1589	84.24
1590	84.23
1591	84.22
1592	84.26
1593	84.29
1594	84.29
1595	84.3
1596	84.33
1597	84.34
1598	84.34
1599	84.43
1600	84.47
1601	84.45
1602	84.45
1603	84.44
1604	84.48
1605	84.51
1606	84.53
1607	84.56
1608	84.57
1609	84.63
1610	84.64
1611	84.66
1612	84.68
1613	84.72
1614	84.7
1615	84.71
1616	84.72
1617	84.76
1618	84.77
1619	84.82
1620	84.85
1621	84.9
1622	84.92
1623	84.98
1624	85.02
1625	85.03
1626	85.02
1627	85.05
1628	85.05
1629	85.04
1630	85.11
1631	85.13
1632	85.16
1633	85.17
1634	85.23
1635	85.23
1636	85.23
1637	85.26
1638	85.24
1639	85.3
1640	85.35
1641	85.37
1642	85.42
1643	85.45
1644	85.49
1645	85.55
1646	85.61
1647	85.66
1648	85.67
1649	85.7
1650	85.75
1651	85.76
1652	85.8
1653	85.84
1654	85.87
1655	85.89
1656	85.94
1657	85.97
1658	85.99
1659	86.05
1660	86.07
1661	86.06
1662	86.13
1663	86.25
1664	86.22
1665	86.24
1666	86.27
1667	86.29
1668	86.31
1669	86.32
1670	86.34
1671	86.37
1672	86.42
1673	86.39
1674	86.44
1675	86.49
1676	86.49
1677	86.54
1678	86.54
1679	86.56
1680	86.57
1681	86.59
1682	86.67
1683	86.68
1684	86.74
1685	86.79
1686	86.83
1687	86.88
1688	86.97
1689	87.03
1690	87.02
1691	87.09
1692	87.16
1693	87.13
1694	87.15
1695	87.19
1696	87.25
1697	87.3
1698	87.27
1699	87.34
1700	87.34
1701	87.36
1702	87.36
1703	87.39
1704	87.41
1705	87.46
1706	87.45
1707	87.44
1708	87.45
1709	87.48
1710	87.51
1711	87.53
1712	87.54
1713	87.58
1714	87.58
1715	87.61
1716	87.66
1717	87.69
1718	87.73
1719	87.76
1720	87.78
1721	87.81
1722	87.87
1723	87.89
1724	87.91
1725	87.9
1726	87.88
1727	87.91
1728	87.92
1729	87.98
1730	88.02
1731	88.08
1732	88.13
1733	88.18
1734	88.2
1735	88.23
1736	88.26
1737	88.31
1738	88.31
1739	88.32
1740	88.32
1741	88.36
1742	88.4
1743	88.41
1744	88.46
1745	88.45
1746	88.47
1747	88.53
1748	88.54
1749	88.58
1750	88.64
1751	88.63
1752	88.66
1753	88.68
1754	88.7
1755	88.72
1756	88.71
1757	88.77
1758	88.81
1759	88.85
1760	88.89
1761	88.88
1762	88.91
1763	88.98
1764	89.0
1765	89.05
1766	89.08
1767	89.11
1768	89.15
1769	89.19
1770	89.23
1771	89.3
1772	89.35
1773	89.36
1774	89.36
1775	89.42
1776	89.45
1777	89.48
1778	89.5
1779	89.53
1780	89.58
1781	89.56
1782	89.59
1783	89.62
1784	89.63
1785	89.65
1786	89.7
1787	89.72
1788	89.75
1789	89.81
1790	89.85
1791	89.87
1792	89.85
1793	89.95
1794	89.97
1795	90.06
1796	90.08
1797	90.1
1798	90.13
1799	90.19
1800	90.18
1801	90.2
1802	90.22
1803	90.25
1804	90.28
1805	90.33
1806	90.37
1807	90.39
1808	90.42
1809	90.45
1810	90.49
1811	90.47
1812	90.54
1813	90.58
1814	90.61
1815	90.66
1816	90.65
1817	90.71
1818	90.71
1819	90.71
1820	90.74
1821	90.74
1822	90.8
1823	90.82
1824	90.81
1825	90.84
1826	90.87
1827	90.9
1828	90.94
1829	90.93
1830	90.97
1831	90.98
1832	91.01
1833	91.07
1834	91.13
1835	91.18
1836	91.2
1837	91.25
1838	91.29
1839	91.33
1840	91.36
1841	91.38
1842	91.38
1843	91.37
1844	91.37
1845	91.37
1846	91.42
1847	91.44
1848	91.46
1849	91.46
1850	91.47
1851	91.44
1852	91.47
1853	91.56
1854	91.58
1855	91.56
1856	91.55
1857	91.54
1858	91.56
1859	91.55
1860	91.56
1861	91.59
1862	91.58
1863	91.59
1864	91.64
1865	91.65
1866	91.69
1867	91.7
1868	91.72
1869	91.76
1870	91.79
1871	91.8
1872	91.81
1873	91.83
1874	91.84
1875	91.85
1876	91.88
1877	91.86
1878	91.89
1879	91.92
1880	91.93
1881	91.92
1882	91.9
1883	91.94
1884	91.96
1885	91.94
1886	91.91
1887	91.92
1888	91.94
1889	91.94
1890	91.97
1891	91.99
1892	91.99
1893	92.01
1894	92.02
1895	91.99
1896	92.0
1897	92.08
1898	92.12
1899	92.1
1900	92.11
1901	92.15
1902	92.19
1903	92.22
1904	92.22
1905	92.26
1906	92.32
1907	92.34
1908	92.31
1909	92.37
1910	92.39
1911	92.44
1912	92.42
1913	92.39
1914	92.42
1915	92.45
1916	92.47
1917	92.5
1918	92.49
1919	92.49
1920	92.49
1921	92.52
1922	92.59
1923	92.62
1924	92.61
1925	92.67
1926	92.65
1927	92.73
1928	92.74
1929	92.75
1930	92.77
1931	92.79
1932	92.8
1933	92.85
1934	92.9
1935	92.89
1936	92.95
1937	92.98
1938	93.0
1939	93.07
1940	93.09
1941	93.1
1942	93.07
1943	93.11
1944	93.12
1945	93.12
1946	93.12
1947	93.15
1948	93.14
1949	93.19
1950	93.17
1951	93.22
1952	93.27
1953	93.26
1954	93.32
1955	93.33
1956	93.38
1957	93.36
1958	93.4
1959	93.37
1960	93.41
1961	93.41
1962	93.44
1963	93.45
1964	93.43
1965	93.46
1966	93.48
1967	93.51
1968	93.53
1969	93.56
1970	93.56
1971	93.59
1972	93.63
1973	93.64
1974	93.69
1975	93.69
1976	93.7
1977	93.71
1978	93.75
1979	93.74
1980	93.78
1981	93.76
1982	93.77
1983	93.79
1984	93.76
1985	93.75
1986	93.75
1987	93.74
1988	93.75
1989	93.8
1990	93.83
1991	93.88
1992	93.92
1993	93.91
1994	93.95
1995	93.98
1996	94.01
1997	94.01
1998	94.05
1999	94.08
2000	94.14
2001	94.15
2002	94.19
2003	94.22
2004	94.25
2005	94.25
2006	94.3
2007	94.3
2008	94.3
2009	94.36
2010	94.35
2011	94.37
2012	94.4
2013	94.45
2014	94.52
2015	94.53
2016	94.54
2017	94.57
2018	94.6
2019	94.59
2020	94.62
2021	94.64
2022	94.62
2023	94.66
2024	94.71
2025	94.71
2026	94.73
2027	94.74
2028	94.75
2029	94.74
2030	94.79
2031	94.82
2032	94.83
2033	94.84
2034	94.85
2035	94.9
2036	94.9
2037	94.91
2038	94.9
2039	94.95
2040	94.98
2041	95.0
2042	95.02
2043	95.01
2044	95.01
2045	95.01
2046	95.05
2047	95.03
2048	95.03
2049	95.03
2050	95.05
2051	95.07
2052	95.11
2053	95.19
2054	95.22
2055	95.25
2056	95.21
2057	95.24
2058	95.26
2059	95.28
2060	95.28
2061	95.31
2062	95.33
2063	95.32
2064	95.33
2065	95.34
2066	95.33
2067	95.36
2068	95.37
2069	95.38
2070	95.41
2071	95.4
2072	95.42
2073	95.45
2074	95.48
2075	95.49
2076	95.53
2077	95.53
2078	95.51
2079	95.5
2080	95.56
2081	95.55
2082	95.56
2083	95.58
2084	95.63
2085	95.64
2086	95.66
2087	95.7
2088	95.67
2089	95.72
2090	95.81
2091	95.85
2092	95.88
2093	95.89
2094	95.93
2095	95.97
2096	96.0
2097	96.01
2098	96.01
2099	95.98
2100	96.02
2101	96.02
2102	96.02
2103	96.04
2104	96.04
2105	96.07
2106	96.12
2107	96.11
2108	96.14
2109	96.14
2110	96.16
2111	96.16
2112	96.16
2113	96.19
2114	96.23
2115	96.23
2116	96.23
2117	96.23
2118	96.26
2119	96.24
2120	96.3
2121	96.32
2122	96.37
2123	96.39
2124	96.39
2125	96.38
2126	96.41
2127	96.42
2128	96.44
2129	96.39
2130	96.39
2131	96.48
2132	96.49
2133	96.55
2134	96.58
2135	96.59
2136	96.62
2137	96.62
2138	96.68
2139	96.71
2140	96.73
2141	96.76
2142	96.81
2143	96.81
2144	96.82
2145	96.84
2146	96.86
2147	96.84
2148	96.88
2149	96.92
2150	96.94
2151	96.99
2152	97.01
2153	97.04
2154	97.12
2155	97.13
2156	97.13
2157	97.13
2158	97.16
2159	97.19
2160	97.19
2161	97.22
2162	97.28
2163	97.34
2164	97.38
2165	97.4
2166	97.4
2167	97.38
2168	97.4
2169	97.43
2170	97.48
2171	97.52
2172	97.58
2173	97.59
2174	97.61
2175	97.64
2176	97.61
2177	97.62
2178	97.63
2179	97.66
2180	97.67
2181	97.68
2182	97.71
2183	97.71
2184	97.73
2185	97.8
2186	97.81
2187	97.81
2188	97.84
2189	97.84
2190	97.84
2191	97.86
2192	97.86
2193	97.85
2194	97.86
2195	97.85
2196	97.86
2197	97.9
2198	97.9
2199	97.92
2200	97.9
2201	97.93
2202	97.94
2203	97.97
2204	97.96
2205	97.97
2206	97.94
2207	97.92
2208	97.92
2209	97.91
2210	97.9
2211	97.9
2212	97.89
2213	97.91
2214	97.89
2215	97.9
2216	97.91
2217	97.94
2218	97.96
2219	97.97
2220	97.96
2221	97.94
2222	97.95
2223	97.98
2224	98.01
2225	98.01
2226	98.02
2227	98.0
2228	98.02
2229	98.06
2230	98.06
2231	98.07
2232	98.07
2233	98.12
2234	98.14
2235	98.16
2236	98.19
2237	98.18
2238	98.21
2239	98.22
2240	98.26
2241	98.24
2242	98.24
2243	98.34
2244	98.36
2245	98.35
2246	98.34
2247	98.35
2248	98.36
2249	98.38
2250	98.43
2251	98.47
2252	98.45
2253	98.48
2254	98.48
2255	98.5
2256	98.51
2257	98.53
2258	98.57
2259	98.56
2260	98.55
2261	98.52
2262	98.57
2263	98.56
2264	98.6
2265	98.6
2266	98.61
2267	98.64
2268	98.68
2269	98.69
2270	98.69
2271	98.7
2272	98.73
2273	98.77
2274	98.77
2275	98.83
2276	98.86
2277	98.9
2278	98.94
2279	98.99
2280	98.99
2281	98.99
2282	98.95
2283	98.94
2284	98.94
2285	98.97
2286	98.99
2287	99.02
2288	99.0
2289	99.0
2290	99.03
2291	99.06
2292	99.09
2293	99.1
2294	99.16
2295	99.2
2296	99.2
2297	99.21
2298	99.18
2299	99.16
2300	99.2
2301	99.2
2302	99.18
2303	99.17
2304	99.16
2305	99.16
2306	99.14
2307	99.15
2308	99.18
2309	99.19
2310	99.18
2311	99.18
2312	99.17
2313	99.16
2314	99.18
2315	99.2
2316	99.19
2317	99.22
2318	99.22
2319	99.26
2320	99.29
2321	99.32
2322	99.3
2323	99.31
2324	99.36
2325	99.39
2326	99.45
2327	99.45
2328	99.48
2329	99.53
2330	99.54
2331	99.52
2332	99.49
2333	99.52
2334	99.54
2335	99.56
2336	99.58
2337	99.57
2338	99.6
2339	99.61
2340	99.64
2341	99.69
2342	99.67
2343	99.65
2344	99.64
2345	99.61
2346	99.64
2347	99.66
2348	99.65
2349	99.68
2350	99.68
2351	99.73
2352	99.74
2353	99.74
2354	99.74
2355	99.77
2356	99.77
2357	99.77
2358	99.82
2359	99.83
2360	99.84
2361	99.85
2362	99.88
2363	99.91
2364	99.95
2365	99.98
2366	99.99
2367	100.0
2368	99.98
2369	99.94
2370	99.96
2371	99.98
2372	100.04
2373	100.08
2374	100.1
2375	100.12
2376	100.09
2377	100.13
2378	100.1
2379	100.14
2380	100.16
2381	100.2
2382	100.22
2383	100.18
2384	100.23
2385	100.28
2386	100.3
2387	100.33
2388	100.37
2389	100.38
2390	100.39
2391	100.41
2392	100.45
2393	100.48
2394	100.51
2395	100.53
2396	100.56
2397	100.63
2398	100.66
2399	100.71
2400	100.72
2401	100.75
2402	100.76
2403	100.73
2404	100.77
2405	100.79
2406	100.81
2407	100.84
2408	100.86
2409	100.87
2410	100.86
2411	100.85
2412	100.88
2413	100.89
2414	100.87
2415	100.9
2416	100.94
2417	100.99
2418	101.04
2419	101.04
2420	101.03
2421	101.02
2422	101.02
2423	101.02
2424	101.13
2425	101.11
2426	101.14
2427	101.19
2428	101.2
2429	101.21
2430	101.22
2431	101.23
2432	101.23
2433	101.25
2434	101.25
2435	101.24
2436	101.24
2437	101.27
2438	101.29
2439	101.31
2440	101.29
2441	101.34
2442	101.35
2443	101.36
2444	101.38
2445	101.42
2446	101.45
2447	101.45
2448	101.45
2449	101.47
2450	101.49
2451	101.54
2452	101.55
2453	101.53
2454	101.51
2455	101.48
2456	101.52
2457	101.52
2458	101.54
2459	101.56
2460	101.54
2461	101.59
2462	101.61
2463	101.61
2464	101.6
2465	101.59
2466	101.67
2467	101.72
2468	101.71
2469	101.7
2470	101.73
2471	101.73
2472	101.72
2473	101.76
2474	101.76
2475	101.81
2476	101.85
2477	101.85
2478	101.86
2479	101.83
2480	101.87
2481	101.9
2482	101.91
2483	101.9
2484	101.9
2485	101.89
2486	101.93
2487	101.95
2488	101.94
2489	101.98
2490	102.06
2491	102.05
2492	102.09
2493	102.12
2494	102.17
2495	102.17
2496	102.19
2497	102.23
2498	102.28
2499	102.33
2500	102.38
2501	102.4
2502	102.44
2503	102.46
2504	102.51
2505	102.51
2506	102.53
2507	102.53
2508	102.55
2509	102.55
2510	102.56
2511	102.54
2512	102.55
2513	102.57
2514	102.61
2515	102.63
2516	102.64
2517	102.7
2518	102.67
2519	102.7
2520	102.73
2521	102.75
2522	102.79
2523	102.78
2524	102.79
2525	102.78
2526	102.77
2527	102.82
2528	102.84
2529	102.89
2530	102.94
2531	102.94
2532	102.95
2533	102.96
2534	102.97
2535	103.0
2536	103.0
2537	102.97
2538	103.0
2539	103.0
2540	103.03
2541	103.05
2542	103.07
2543	103.07
2544	103.11
2545	103.12
2546	103.14
2547	103.17
2548	103.17
2549	103.15
2550	103.16
2551	103.14
2552	103.17
2553	103.14
2554	103.13
2555	103.11
2556	103.12
2557	103.14
2558	103.14
2559	103.18
2560	103.16
2561	103.17
2562	103.19
2563	103.21
2564	103.23
2565	103.26
2566	103.28
2567	103.28
2568	103.32
2569	103.33
2570	103.3
2571	103.31
2572	103.36
2573	103.38
2574	103.37
2575	103.38
2576	103.45
2577	103.47
2578	103.48
2579	103.51
2580	103.52
2581	103.57
2582	103.58
2583	103.6
2584	103.65
2585	103.64
2586	103.65
2587	103.62
2588	103.62
2589	103.63
2590	103.63
2591	103.65
2592	103.66
2593	103.64
2594	103.65
2595	103.68
2596	103.73
2597	103.77
2598	103.76
2599	103.77
2600	103.76
2601	103.85
2602	103.87
2603	103.88
2604	103.86
2605	103.86
2606	103.88
2607	103.88
2608	103.92
2609	103.98
2610	103.99
2611	104.02
2612	104.0
2613	104.0
2614	104.0
2615	104.04
2616	104.07
2617	104.07
2618	104.12
2619	104.13
2620	104.15
2621	104.16
2622	104.17
2623	104.18
2624	104.18
2625	104.16
2626	104.18
2627	104.2
2628	104.22
2629	104.2
2630	104.23
2631	104.26
2632	104.28
2633	104.28
2634	104.27
2635	104.31
2636	104.33
2637	104.35
2638	104.36
2639	104.39
2640	104.44
2641	104.43
2642	104.39
2643	104.35
2644	104.39
2645	104.38
2646	104.36
2647	104.4
2648	104.38
2649	104.39
2650	104.4
2651	104.46
2652	104.44
2653	104.5
2654	104.51
2655	104.53
2656	104.56
2657	104.58
2658	104.59
2659	104.54
2660	104.56
2661	104.54
2662	104.58
2663	104.59
2664	104.61
2665	104.66
2666	104.7
2667	104.74
2668	104.76
2669	104.73
2670	104.73
2671	104.75
2672	104.8
2673	104.8
2674	104.83
2675	104.85
2676	104.87
2677	104.9
2678	104.92
2679	104.93
2680	104.96
2681	105.0
2682	105.02
2683	105.05
2684	105.07
2685	105.09
2686	105.09
2687	105.09
2688	105.09
2689	105.08
2690	105.09
2691	105.07
2692	105.13
2693	105.13
2694	105.18
2695	105.2
2696	105.18
2697	105.19
2698	105.19
2699	105.22
2700	105.22
2701	105.25
2702	105.3
2703	105.29
2704	105.32
2705	105.32
2706	105.36
2707	105.36
2708	105.39
2709	105.38
2710	105.39
2711	105.41
2712	105.4
2713	105.35
2714	105.36
2715	105.42
2716	105.46
2717	105.46
2718	105.47
2719	105.46
2720	105.48
2721	105.48
2722	105.48
2723	105.5
2724	105.48
2725	105.45
2726	105.48
2727	105.51
2728	105.53
2729	105.55
2730	105.54
2731	105.55
2732	105.56
2733	105.59
2734	105.6
2735	105.62
2736	105.65
2737	105.7
2738	105.7
2739	105.72
2740	105.75
2741	105.79
2742	105.82
2743	105.83
2744	105.87
2745	105.87
2746	105.87
2747	105.87
2748	105.87
2749	105.89
2750	105.88
2751	105.89
2752	105.91
2753	105.91
2754	105.89
2755	105.91
2756	105.93
2757	105.93
2758	105.94
2759	105.97
2760	106.02
2761	106.04
2762	106.04
2763	106.08
2764	106.08
2765	106.11
2766	106.1
2767	106.12
2768	106.14
2769	106.21
2770	106.23
2771	106.22
2772	106.23
2773	106.22
2774	106.25
2775	106.25
2776	106.3
2777	106.31
2778	106.27
2779	106.3
2780	106.31
2781	106.34
2782	106.35
2783	106.39
2784	106.42
2785	106.46
2786	106.49
2787	106.51
2788	106.52
2789	106.5
2790	106.49
2791	106.49
2792	106.48
2793	106.5
2794	106.58
2795	106.59
2796	106.64
2797	106.65
2798	106.67
2799	106.7
2800	106.73
2801	106.75
2802	106.77
2803	106.8
2804	106.76
2805	106.76
2806	106.82
2807	106.89
2808	106.88
2809	106.92
2810	106.94
2811	106.96
2812	107.0
2813	107.02
2814	107.03
2815	107.03
2816	107.06
2817	107.04
2818	107.07
2819	107.04
2820	107.05
2821	107.07
2822	107.13
2823	107.12
2824	107.14
2825	107.15
2826	107.15
2827	107.18
2828	107.22
2829	107.24
2830	107.24
2831	107.24
2832	107.25
2833	107.28
2834	107.26
2835	107.27
2836	107.28
2837	107.31
2838	107.34
2839	107.3
2840	107.31
2841	107.34
2842	107.36
2843	107.36
2844	107.36
2845	107.36
2846	107.39
2847	107.39
2848	107.44
2849	107.49
2850	107.5
2851	107.52
2852	107.51
2853	107.51
2854	107.52
2855	107.59
2856	107.61
2857	107.63
2858	107.65
2859	107.71
2860	107.67
2861	107.68
2862	107.7
2863	107.71
2864	107.76
2865	107.79
2866	107.8
2867	107.79
2868	107.82
2869	107.8
2870	107.83
2871	107.86
2872	107.85
2873	107.82
2874	107.82
2875	107.82
2876	107.84
2877	107.87
2878	107.92
2879	107.9
2880	107.94
2881	107.94
2882	107.94
2883	107.98
2884	107.98
2885	108.0
2886	108.04
2887	108.05
2888	108.09
2889	108.15
2890	108.17
2891	108.2
2892	108.23
2893	108.26
2894	108.26
2895	108.27
2896	108.28
2897	108.29
2898	108.3
2899	108.32
2900	108.28
2901	108.28
2902	108.3
2903	108.29
2904	108.34
2905	108.38
2906	108.43
2907	108.46
2908	108.45
2909	108.46
2910	108.46
2911	108.45
2912	108.44
2913	108.44
2914	108.43
2915	108.45
2916	108.48
2917	108.5
2918	108.52
2919	108.55
2920	108.57
2921	108.57
2922	108.62
2923	108.63
2924	108.65
2925	108.66
2926	108.65
2927	108.64
2928	108.62
2929	108.64
2930	108.67
2931	108.66
2932	108.66
2933	108.63
2934	108.62
2935	108.61
2936	108.69
2937	108.71
2938	108.77
2939	108.78
2940	108.8
2941	108.81
2942	108.81
2943	108.84
2944	108.89
2945	108.89
2946	108.9
2947	108.88
2948	108.86
2949	108.85
2950	108.9
2951	108.94
2952	108.94
2953	108.94
2954	108.97
2955	108.96
2956	109.0
2957	109.03
2958	109.08
2959	109.08
2960	109.07
2961	109.07
2962	109.09
2963	109.11
2964	109.1
2965	109.11
2966	109.12
2967	109.15
2968	109.15
2969	109.16
2970	109.19
2971	109.23
2972	109.26
2973	109.29
2974	109.33
2975	109.36
2976	109.36
2977	109.4
2978	109.43
2979	109.45
2980	109.45
2981	109.47
2982	109.5
2983	109.52
2984	109.5
2985	109.52
2986	109.55
2987	109.54
2988	109.57
2989	109.56
2990	109.6
2991	109.65
2992	109.72
2993	109.79
2994	109.79
2995	109.78
2996	109.81
2997	109.79
2998	109.82
2999	109.87
3000	109.9
3001	109.89
3002	109.94
3003	109.94
3004	109.98
3005	109.98
3006	110.01
3007	110.0
3008	109.99
3009	110.04
3010	110.05
3011	110.06
3012	110.12
3013	110.11
3014	110.13
3015	110.21
3016	110.22
3017	110.22
3018	110.2
3019	110.21
3020	110.23
3021	110.25
3022	110.26
3023	110.23
3024	110.24
3025	110.27
3026	110.33
3027	110.33
3028	110.31
3029	110.32
3030	110.34
3031	110.34
3032	110.36
3033	110.37
3034	110.42
3035	110.43
3036	110.45
3037	110.51
3038	110.53
3039	110.54
3040	110.56
3041	110.59
3042	110.63
3043	110.69
3044	110.73
3045	110.79
3046	110.78
3047	110.84
3048	110.82
3049	110.85
3050	110.87
3051	110.84
3052	110.87
3053	110.91
3054	110.93
3055	110.97
3056	110.97
3057	111.0
3058	111.01
3059	111.01
3060	110.99
3061	111.04
3062	111.06
3063	111.07
3064	111.09
3065	111.12
3066	111.15
3067	111.16
3068	111.18
3069	111.21
3070	111.2
3071	111.22
3072	111.21
3073	111.19
3074	111.22
3075	111.24
3076	111.29
3077	111.3
3078	111.3
3079	111.33
3080	111.37
3081	111.42
3082	111.44
3083	111.52
3084	111.55
3085	111.55
3086	111.55
3087	111.63
3088	111.66
3089	111.72
3090	111.76
3091	111.8
3092	111.83
3093	111.87
3094	111.9
3095	111.91
3096	111.94
3097	111.94
3098	111.99
3099	112.01
3100	112.02
3101	112.04
3102	112.05
3103	112.07
3104	112.09
3105	112.12
3106	112.11
3107	112.14
3108	112.18
3109	112.17
3110	112.21
3111	112.21
3112	112.2
3113	112.2
3114	112.19
3115	112.17
3116	112.21
3117	112.24
3118	112.27
3119	112.28
3120	112.31
3121	112.38
3122	112.41
3123	112.44
3124	112.49
3125	112.54
3126	112.55
3127	112.57
3128	112.56
3129	112.55
3130	112.56
3131	112.58
3132	112.59
3133	112.62
3134	112.64
3135	112.65
3136	112.69
3137	112.71
3138	112.67
3139	112.66
3140	112.69
3141	112.69
3142	112.68
3143	112.71
3144	112.7
3145	112.74
3146	112.73
3147	112.8
3148	112.83
3149	112.86
3150	112.89
3151	112.92
3152	112.94
3153	112.98
3154	113.02
3155	113.06
3156	113.11
3157	113.12
3158	113.16
3159	113.2
3160	113.21
3161	113.26
3162	113.25
3163	113.26
3164	113.32
3165	113.33
3166	113.35
3167	113.36
3168	113.4
3169	113.44
3170	113.48
3171	113.52
3172	113.55
3173	113.56
3174	113.56
3175	113.57
3176	113.6
3177	113.59
3178	113.6
3179	113.63
3180	113.64
3181	113.65
3182	113.69
3183	113.72
3184	113.73
3185	113.76
3186	113.79
3187	113.79
3188	113.81
3189	113.8
3190	113.8
3191	113.8
3192	113.8
3193	113.8
3194	113.83
3195	113.85
3196	113.89
3197	113.89
3198	113.87
3199	113.88
3200	113.91
3201	113.91
3202	113.95
3203	113.96
3204	113.96
3205	113.94
3206	113.95
3207	113.95
3208	113.95
3209	113.95
3210	113.95
3211	113.98
3212	113.95
3213	113.93
3214	113.92
3215	113.89
3216	113.92
3217	113.92
3218	113.94
3219	113.95
3220	113.98
3221	113.96
3222	114.0
3223	114.0
3224	113.99
3225	113.98
3226	114.0
3227	114.01
3228	114.06
3229	114.08
3230	114.11
3231	114.12
3232	114.15
3233	114.16
3234	114.16
3235	114.17
3236	114.19
3237	114.18
3238	114.18
3239	114.2
3240	114.22
3241	114.22
3242	114.2
3243	114.19
3244	114.22
3245	114.24
3246	114.25
3247	114.27
3248	114.3
3249	114.31
3250	114.31
3251	114.31
3252	114.3
3253	114.3
3254	114.33
3255	114.31
3256	114.34
3257	114.32
3258	114.33
3259	114.31
3260	114.33
3261	114.36
3262	114.38
3263	114.42
3264	114.39
3265	114.39
3266	114.42
3267	114.43
3268	114.48
3269	114.48
3270	114.44
3271	114.48
3272	114.45
3273	114.45
3274	114.47
3275	114.52
3276	114.5
3277	114.52
3278	114.53
3279	114.53
3280	114.54
3281	114.55
3282	114.58
3283	114.63
3284	114.67
3285	114.69
3286	114.75
3287	114.8
3288	114.8
3289	114.81
3290	114.83
3291	114.86
3292	114.87
3293	114.89
3294	114.89
3295	114.92
3296	114.92
3297	114.93
3298	114.97
3299	114.97
3300	114.97
3301	115.01
3302	115.01
3303	115.03
3304	115.04
3305	115.06
3306	115.05
3307	115.07
3308	115.1
3309	115.11
3310	115.13
3311	115.11
3312	115.18
3313	115.22
3314	115.23
3315	115.24
3316	115.29
3317	115.27
3318	115.28
3319	115.31
3320	115.31
3321	115.3
3322	115.35
3323	115.41
3324	115.4
3325	115.44
3326	115.43
3327	115.44
3328	115.48
3329	115.51
3330	115.53
3331	115.53
3332	115.55
3333	115.55
3334	115.5
3335	115.54
3336	115.56
3337	115.57
3338	115.58
3339	115.6
3340	115.6
3341	115.6
3342	115.63
3343	115.62
3344	115.64
3345	115.65
3346	115.64
3347	115.65
3348	115.67
3349	115.66
3350	115.67
3351	115.71
3352	115.74
3353	115.73
3354	115.72
3355	115.73
3356	115.72
3357	115.74
3358	115.75
3359	115.77
3360	115.77
3361	115.81
3362	115.86
3363	115.89
3364	115.91
3365	115.93
3366	115.98
3367	115.97
3368	115.98
3369	115.99
3370	115.98
3371	116.01
3372	115.99
3373	116.01
3374	116.02
3375	116.02
3376	116.03
3377	116.04
3378	116.03
3379	116.05
3380	116.06
3381	116.05
3382	116.04
3383	116.05
3384	116.06
3385	116.09
3386	116.1
3387	116.13
3388	116.15
3389	116.13
3390	116.16
3391	116.18
3392	116.15
3393	116.17
3394	116.18
3395	116.19
3396	116.16
3397	116.14
3398	116.17
3399	116.23
3400	116.22
3401	116.2
3402	116.19
3403	116.2
3404	116.18
3405	116.25
3406	116.26
3407	116.26
3408	116.29
3409	116.29
3410	116.28
3411	116.27
3412	116.29
3413	116.27
3414	116.29
3415	116.29
3416	116.32
3417	116.33
3418	116.32
3419	116.33
3420	116.3
3421	116.37
3422	116.38
3423	116.37
3424	116.42
3425	116.49
3426	116.48
3427	116.53
3428	116.56
3429	116.57
3430	116.6
3431	116.63
3432	116.66
3433	116.65
3434	116.67
3435	116.71
3436	116.74
3437	116.75
3438	116.75
3439	116.78
3440	116.78
3441	116.82
3442	116.83
3443	116.83
3444	116.83
3445	116.85
3446	116.87
3447	116.89
3448	116.91
3449	116.93
3450	116.95
3451	116.99
3452	117.02
3453	117.04
3454	117.04
3455	117.03
3456	117.02
3457	117.04
3458	117.06
3459	117.07
3460	117.08
3461	117.05
3462	117.06
3463	117.07
3464	117.1
3465	117.13
3466	117.09
3467	117.1
3468	117.17
3469	117.17
3470	117.16
3471	117.17
3472	117.18
3473	117.19
3474	117.18
3475	117.16
3476	117.19
3477	117.2
3478	117.21
3479	117.18
3480	117.18
3481	117.18
3482	117.2
3483	117.2
3484	117.18
3485	117.2
3486	117.21
3487	117.22
3488	117.22
3489	117.23
3490	117.25
3491	117.3
3492	117.31
3493	117.32
3494	117.33
3495	117.32
3496	117.33
3497	117.33
3498	117.35
3499	117.35
3500	117.38
3501	117.39
3502	117.4
3503	117.44
3504	117.42
3505	117.43
3506	117.43
3507	117.44
3508	117.46
3509	117.43
3510	117.46
3511	117.47
3512	117.48
3513	117.51
3514	117.5
3515	117.52
3516	117.51
3517	117.53
3518	117.54
3519	117.52
3520	117.52
3521	117.52
3522	117.49
3523	117.49
3524	117.54
3525	117.55
3526	117.58
3527	117.62
3528	117.65
3529	117.67
3530	117.67
3531	117.66
3532	117.67
3533	117.68
3534	117.71
3535	117.75
3536	117.76
3537	117.77
3538	117.78
3539	117.8
3540	117.81
3541	117.83
3542	117.83
3543	117.82
3544	117.85
3545	117.9
3546	117.91
3547	117.92
3548	117.93
3549	117.93
3550	117.94
3551	117.96
3552	117.98
3553	117.95
3554	117.97
3555	117.99
3556	118.0
3557	117.98
3558	117.97
3559	118.01
3560	118.01
3561	118.02
3562	118.03
3563	118.06
3564	118.06
3565	118.09
3566	118.07
3567	118.09
3568	118.05
3569	118.09
3570	118.1
3571	118.13
3572	118.14
3573	118.17
3574	118.2
3575	118.22
3576	118.22
3577	118.21
3578	118.22
3579	118.21
3580	118.2
3581	118.24
3582	118.28
3583	118.28
3584	118.3
3585	118.32
3586	118.34
3587	118.37
3588	118.38
3589	118.44
3590	118.49
3591	118.51
3592	118.52
3593	118.53
3594	118.55
3595	118.55
3596	118.57
3597	118.58
3598	118.61
3599	118.62
3600	118.61
3601	118.58
3602	118.58
3603	118.58
3604	118.61
3605	118.62
3606	118.67
3607	118.69
3608	118.7
3609	118.69
3610	118.72
3611	118.7
3612	118.72
3613	118.75
3614	118.79
3615	118.77
3616	118.75
3617	118.77
3618	118.74
3619	118.78
3620	118.8
3621	118.83
3622	118.83
3623	118.85
3624	118.87
3625	118.89
3626	118.9
3627	118.93
3628	118.93
3629	118.93
3630	118.93
3631	118.92
3632	118.93
3633	118.97
3634	118.98
3635	118.99
3636	118.98
3637	119.02
3638	119.05
3639	119.03
3640	119.04
3641	119.06
3642	119.1
3643	119.12
3644	119.17
3645	119.21
3646	119.24
3647	119.24
3648	119.27
3649	119.32
3650	119.32
3651	119.29
3652	119.3
3653	119.31
3654	119.34
3655	119.4
3656	119.4
3657	119.41
3658	119.41
3659	119.42
3660	119.44
3661	119.45
3662	119.51
3663	119.52
3664	119.56
3665	119.56
3666	119.58
3667	119.61
3668	119.59
3669	119.59
3670	119.59
3671	119.61
3672	119.59
3673	119.6
3674	119.6
3675	119.62
3676	119.63
3677	119.65
3678	119.65
3679	119.67
3680	119.67
3681	119.66
3682	119.65
3683	119.64
3684	119.65
3685	119.67
3686	119.68
3687	119.71
3688	119.72
3689	119.72
3690	119.71
3691	119.76
3692	119.77
3693	119.77
3694	119.76
3695	119.77
3696	119.8
3697	119.82
3698	119.83
3699	119.89
3700	119.9
3701	119.94
3702	119.96
3703	119.98
3704	120.02
3705	120.06
3706	120.06
3707	120.07
3708	120.08
3709	120.12
3710	120.11
3711	120.12
3712	120.13
3713	120.11
3714	120.14
3715	120.18
3716	120.2
3717	120.24
3718	120.23
3719	120.22
3720	120.22
3721	120.27
3722	120.28
3723	120.3
3724	120.31
3725	120.28
3726	120.29
3727	120.32
3728	120.29
3729	120.32
3730	120.37
3731	120.37
3732	120.36
3733	120.37
3734	120.39
3735	120.42
3736	120.4
3737	120.42
3738	120.45
3739	120.46
3740	120.49
3741	120.48
3742	120.48
3743	120.47
3744	120.48
3745	120.5
3746	120.53
3747	120.57
3748	120.62
3749	120.61
3750	120.65
3751	120.72
3752	120.76
3753	120.76
3754	120.77
3755	120.78
3756	120.78
3757	120.8
3758	120.81
3759	120.8
3760	120.84
3761	120.84
3762	120.84
3763	120.84
3764	120.87
3765	120.88
3766	120.88
3767	120.87
3768	120.88
3769	120.9
3770	120.9
3771	120.95
3772	120.97
3773	120.94
3774	120.95
3775	120.96
3776	120.95
3777	120.96
3778	120.98
3779	120.99
3780	121.01
3781	121.02
3782	121.01
3783	121.03
3784	121.04
3785	121.03
3786	121.04
3787	121.03
3788	121.05
3789	121.09
3790	121.09
3791	121.11
3792	121.14
3793	121.14
3794	121.15
3795	121.16
3796	121.19
3797	121.21
3798	121.23
3799	121.24
3800	121.25
3801	121.25
3802	121.25
3803	121.25
3804	121.26
3805	121.26
3806	121.29
3807	121.31
3808	121.3
3809	121.29
3810	121.3
3811	121.31
3812	121.34
3813	121.33
3814	121.33
3815	121.32
3816	121.32
3817	121.31
3818	121.34
3819	121.35
3820	121.35
3821	121.37
3822	121.39
3823	121.39
3824	121.37
3825	121.37
3826	121.39
3827	121.4
3828	121.44
3829	121.47
3830	121.49
3831	121.53
3832	121.51
3833	121.52
3834	121.52
3835	121.56
3836	121.57
3837	121.55
3838	121.57
3839	121.57
3840	121.59
3841	121.6
3842	121.63
3843	121.65
3844	121.66
3845	121.68
3846	121.69
3847	121.69
3848	121.67
3849	121.7
3850	121.69
3851	121.7
3852	121.7
3853	121.7
3854	121.7
3855	121.72
3856	121.74
3857	121.76
3858	121.73
3859	121.76
3860	121.75
3861	121.76
3862	121.75
3863	121.74
3864	121.73
3865	121.73
3866	121.75
3867	121.77
3868	121.76
3869	121.81
3870	121.83
3871	121.82
3872	121.8
3873	121.81
3874	121.83
3875	121.83
3876	121.88
3877	121.87
3878	121.85
3879	121.84
3880	121.89
3881	121.92
3882	121.92
3883	121.9
3884	121.93
3885	121.92
3886	121.9
3887	121.93
3888	121.95
3889	121.91
3890	121.91
3891	121.97
3892	121.99
3893	121.98
3894	122.01
3895	122.01
3896	122.01
3897	121.99
3898	122.07
3899	122.11
3900	122.09
3901	122.08
3902	122.09
3903	122.13
3904	122.14
3905	122.16
3906	122.14
3907	122.14
3908	122.18
3909	122.18
3910	122.19
3911	122.2
3912	122.2
3913	122.21
3914	122.21
3915	122.21
3916	122.25
3917	122.29
3918	122.3
3919	122.3
3920	122.31
3921	122.33
3922	122.33
3923	122.35
3924	122.37
3925	122.4
3926	122.44
3927	122.45
3928	122.46
3929	122.48
3930	122.52
3931	122.56
3932	122.6
3933	122.62
3934	122.64
3935	122.65
3936	122.64
3937	122.67
3938	122.67
3939	122.71
3940	122.71
3941	122.7
3942	122.7
3943	122.68
3944	122.72
3945	122.77
3946	122.78
3947	122.79
3948	122.76
3949	122.78
3950	122.77
3951	122.78
3952	122.8
3953	122.83
3954	122.83
3955	122.82
3956	122.84
3957	122.86
3958	122.85
3959	122.85
3960	122.84
3961	122.83
3962	122.83
3963	122.87
3964	122.87
3965	122.9
3966	122.91
3967	122.93
3968	122.98
3969	122.99
3970	123.02
3971	123.03
3972	123.06
3973	123.1
3974	123.1
3975	123.08
3976	123.1
3977	123.09
3978	123.09
3979	123.11
3980	123.09
3981	123.1
3982	123.11
3983	123.15
3984	123.17
3985	123.18
3986	123.21
3987	123.25
3988	123.27
3989	123.27
3990	123.3
3991	123.34
3992	123.35
3993	123.36
3994	123.41
3995	123.42
3996	123.45
3997	123.45
3998	123.46
3999	123.45
4000	123.51
