1	0.39
2	0.59
3	0.69
4	0.82
5	0.94
6	1.05
7	1.13
8	1.19
9	1.25
10	1.43
11	1.57
12	1.63
13	1.74
14	1.84
15	1.96
16	2.0
17	2.07
18	2.16
19	2.27
20	2.37
21	2.43
22	2.46
23	2.54
24	2.56
25	2.64
26	2.76
27	2.83
28	2.9
29	2.97
30	3.06
31	3.11
32	3.18
33	3.26
34	3.27
35	3.33
36	3.36
37	3.46
38	3.56
39	3.61
40	3.63
41	3.68
42	3.7
43	3.73
44	3.79
45	3.89
46	3.94
47	4.01
48	4.01
49	4.01
50	4.11
51	4.17
52	4.21
53	4.31
54	4.36
55	4.36
56	4.45
57	4.49
58	4.54
59	4.58
60	4.72
61	4.76
62	4.78
63	4.82
64	4.92
65	5.03
66	5.11
67	5.12
68	5.19
69	5.24
70	5.22
71	5.29
72	5.32
73	5.37
74	5.47
75	5.5
76	5.54
77	5.6
78	5.59
79	5.65
80	5.75
81	5.79
82	5.83
83	5.84
84	5.88
85	5.89
86	5.91
87	5.99
88	6.03
89	6.1
90	6.15
91	6.23
92	6.28
93	6.34
94	6.38
95	6.43
96	6.52
97	6.6
98	6.6
99	6.64
100	6.6
101	6.66
102	6.67
103	6.7
104	6.76
105	6.82
106	6.86
107	6.9
108	6.99
109	7.09
110	7.15
111	7.16
112	7.18
113	7.21
114	7.24
115	7.28
116	7.27
117	7.3
118	7.33
119	7.38
120	7.4
121	7.43
122	7.45
123	7.49
124	7.5
125	7.46
126	7.51
127	7.54
128	7.6
129	7.61
130	7.67
131	7.68
132	7.67
133	7.75
134	7.76
135	7.85
136	7.91
137	7.91
138	7.98
139	8.04
140	8.07
141	8.11
142	8.15
143	8.2
144	8.18
145	8.2
146	8.28
147	8.31
148	8.3
149	8.28
150	8.32
151	8.36
152	8.36
153	8.37
154	8.41
155	8.47
156	8.46
157	8.53
158	8.57
159	8.62
160	8.69
161	8.68
162	8.67
163	8.7
164	8.77
165	8.82
166	8.86
167	8.86
168	8.88
169	8.97
170	9.01
171	9.04
172	9.03
173	9.03
174	9.12
175	9.13
176	9.12
177	9.13
178	9.2
179	9.23
180	9.19
181	9.26
182	9.27
183	9.33
184	9.42
185	9.45
186	9.52
187	9.54
188	9.58
189	9.66
190	9.67
191	9.65
192	9.76
193	9.78
194	9.8
195	9.86
196	9.9
197	9.98
198	9.97
199	10.0
200	10.05
201	10.1
202	10.17
203	10.18
204	10.21
205	10.26
206	10.26
207	10.3
208	10.37
209	10.36
210	10.35
211	10.43
212	10.5
213	10.51
214	10.5
215	10.59
216	10.58
217	10.64
218	10.68
219	10.68
220	10.68
221	10.69
222	10.74
223	10.74
224	10.75
225	10.76
226	10.87
227	10.88
228	10.91
229	10.92
230	10.96
231	10.94
232	10.96
233	10.98
234	10.98
235	11.02
236	11.06
237	11.05
238	11.11
239	11.11
240	11.19
241	11.21
242	11.24
243	11.23
244	11.25
245	11.17
246	11.2
247	11.15
248	11.14
249	11.16
250	11.17
251	11.2
252	11.2
253	11.25
254	11.25
255	11.36
256	11.39
257	11.44
258	11.42
259	11.46
260	11.44
261	11.5
262	11.57
263	11.55
264	11.55
265	11.6
266	11.65
267	11.68
268	11.74
269	11.79
270	11.83
271	11.86
272	11.92
273	11.95
274	11.96
275	11.96
276	11.97
277	11.97
278	12.05
279	12.06
280	12.1
281	12.15
282	12.2
283	12.24
284	12.2
285	12.18
286	12.18
287	12.23
288	12.25
289	12.28
290	12.33
291	12.36
292	12.4
293	12.44
294	12.46
295	12.49
296	12.52
297	12.58
298	12.67
299	12.67
300	12.7
301	12.7
302	12.78
303	12.82
304	12.84
305	12.85
306	12.89
307	12.86
308	12.89
309	12.94
310	12.9
311	12.92
312	12.96
313	12.95
314	12.98
315	13.02
316	12.98
317	13.04
318	13.04
319	13.06
320	13.07
321	13.15
322	13.12
323	13.13
324	13.09
325	13.09
326	13.11
327	13.12
328	13.15
329	13.13
330	13.18
331	13.2
332	13.26
333	13.31
334	13.41
335	13.46
336	13.51
337	13.55
338	13.58
339	13.58
340	13.59
341	13.62
342	13.6
343	13.67
344	13.69
345	13.69
346	13.74
347	13.72
348	13.74
349	13.74
350	13.73
351	13.77
352	13.77
353	13.78
354	13.81
355	13.79
356	13.81
357	13.88
358	13.89
359	13.92
360	13.96
361	14.01
362	14.01
363	14.07
364	14.15
365	14.15
366	14.18
367	14.17
368	14.19
369	14.22
370	14.23
371	14.27
372	14.25
373	14.27
374	14.27
375	14.26
376	14.29
377	14.29
378	14.29
379	14.31
380	14.36
381	14.45
382	14.46
383	14.46
384	14.48
385	14.51
386	14.63
387	14.62
388	14.63
389	14.67
390	14.7
391	14.77
392	14.76
393	14.75
394	14.86
395	14.91
396	14.92
397	14.97
398	14.97
399	15.03
400	15.06
401	15.12
402	15.11
403	15.14
404	15.14
405	15.14
406	15.16
407	15.22
408	15.23
409	15.32
410	15.35
411	15.43
412	15.47
413	15.45
414	15.45
415	15.5
416	15.47
417	15.53
418	15.58
419	15.59
420	15.66
421	15.63
422	15.66
423	15.69
424	15.68
425	15.69
426	15.77
427	15.81
428	15.85
429	15.79
430	15.83
431	15.86
432	15.91
433	15.94
434	15.92
435	15.98
436	16.04
437	16.01
438	16.0
439	16.04
440	16.08
441	16.13
442	16.16
443	16.15
444	16.16
445	16.13
446	16.1
447	16.08
448	16.1
449	16.1
450	16.14
451	16.15
452	16.13
453	16.2
454	16.2
455	16.18
456	16.16
457	16.18
458	16.24
459	16.27
460	16.24
461	16.32
462	16.31
463	16.33
464	16.32
465	16.33
466	16.32
467	16.37
468	16.41
469	16.42
470	16.42
471	16.43
472	16.51
473	16.56
474	16.59
475	16.61
476	16.61
477	16.62
478	16.67
479	16.72
480	16.69
481	16.68
482	16.72
483	16.77
484	16.8
485	16.89
486	16.9
487	16.94
488	16.99
489	16.97
490	17.02
491	17.0
492	17.04
493	17.06
494	17.05
495	17.03
496	17.07
497	17.06
498	17.08
499	17.1
500	17.12
501	17.13
502	17.17
503	17.18
504	17.17
505	17.2
506	17.23
507	17.28
508	17.31
509	17.33
510	17.41
511	17.45
512	17.55
513	17.56
514	17.63
515	17.65
516	17.73
517	17.72
518	17.72
519	17.75
520	17.73
521	17.77
522	17.78
523	17.79
524	17.86
525	17.9
526	17.91
527	17.92
528	17.95
529	18.02
530	18.04
531	18.05
532	18.03
533	18.08
534	18.16
535	18.21
536	18.24
537	18.22
538	18.26
539	18.25
540	18.27
541	18.29
542	18.31
543	18.32
544	18.31
545	18.29
546	18.36
547	18.34
548	18.36
549	18.35
550	18.39
551	18.46
552	18.48
553	18.51
554	18.51
555	18.55
556	18.64
557	18.66
558	18.71
559	18.73
560	18.8
561	18.89
562	18.91
563	18.9
564	18.93
565	18.96
566	19.05
567	19.1
568	19.11
569	19.13
570	19.15
571	19.17
572	19.17
573	19.22
574	19.2
575	19.2
576	19.23
577	19.2
578	19.21
579	19.22
580	19.25
581	19.19
582	19.19
583	19.21
584	19.25
585	19.28
586	19.31
587	19.31
588	19.35
589	19.35
590	19.43
591	19.44
592	19.48
593	19.48
594	19.48
595	19.52
596	19.55
597	19.58
598	19.62
599	19.65
600	19.68
601	19.74
602	19.76
603	19.8
604	19.83
605	19.81
606	19.79
607	19.82
608	19.79
609	19.88
610	19.89
611	19.89
612	19.9
613	19.92
614	19.93
615	19.91
616	19.91
617	19.93
618	19.99
619	20.0
620	20.09
621	20.09
622	20.11
623	20.19
624	20.24
625	20.3
626	20.31
627	20.34
628	20.37
629	20.35
630	20.38
631	20.38
632	20.39
633	20.37
634	20.36
635	20.42
636	20.45
637	20.51
638	20.53
639	20.56
640	20.57
641	20.59
642	20.6
643	20.59
644	20.6
645	20.7
646	20.73
647	20.74
648	20.77
649	20.77
650	20.74
651	20.76
652	20.81
653	20.83
654	20.81
655	20.8
656	20.83
657	20.85
658	20.87
659	20.88
660	20.87
661	20.91
662	20.92
663	20.96
664	20.97
665	20.98
666	20.98
667	20.99
668	21.05
669	21.07
670	21.05
671	21.06
672	21.13
673	21.11
674	21.12
675	21.17
676	21.19
677	21.21
678	21.26
679	21.27
680	21.29
681	21.31
682	21.33
683	21.32
684	21.37
685	21.33
686	21.36
687	21.37
688	21.44
689	21.47
690	21.47
691	21.48
692	21.44
693	21.41
694	21.41
695	21.5
696	21.52
697	21.55
698	21.56
699	21.6
700	21.59
701	21.62
702	21.63
703	21.64
704	21.67
705	21.65
706	21.67
707	21.74
708	21.75
709	21.8
710	21.83
711	21.86
712	21.88
713	21.89
714	21.94
715	21.94
716	21.99
717	22.06
718	22.06
719	22.09
720	22.12
721	22.14
722	22.14
723	22.14
724	22.15
725	22.21
726	22.23
727	22.26
728	22.27
729	22.32
730	22.34
731	22.34
732	22.34
733	22.35
734	22.36
735	22.4
736	22.43
737	22.46
738	22.5
739	22.5
740	22.48
741	22.51
742	22.54
743	22.54
744	22.59
745	22.61
746	22.61
747	22.63
748	22.68
749	22.72
750	22.75
751	22.8
752	22.82
753	22.87
754	22.93
755	22.93
756	22.95
757	22.98
758	23.03
759	23.03
760	23.09
761	23.12
762	23.15
763	23.14
764	23.21
765	23.23
766	23.25
767	23.26
768	23.26
769	23.24
770	23.28
771	23.34
772	23.35
773	23.4
774	23.4
775	23.44
776	23.48
777	23.47
778	23.52
779	23.57
780	23.56
781	23.59
782	23.57
783	23.57
784	23.62
785	23.61
786	23.62
787	23.64
788	23.7
789	23.71
790	23.74
791	23.76
792	23.79
793	23.79
794	23.78
795	23.82
796	23.84
797	23.86
798	23.84
799	23.86
800	23.87
801	23.88
802	23.91
803	23.89
804	23.89
805	23.96
806	23.98
807	24.0
808	24.04
809	24.08
810	24.1
811	24.14
812	24.17
813	24.23
814	24.28
815	24.3
816	24.33
817	24.33
818	24.35
819	24.33
820	24.33
821	24.34
822	24.38
823	24.39
824	24.4
825	24.41
826	24.43
827	24.45
828	24.47
829	24.53
830	24.56
831	24.56
832	24.59
833	24.69
834	24.71
835	24.74
836	24.77
837	24.79
838	24.81
839	24.79
840	24.81
841	24.81
842	24.81
843	24.85
844	24.85
845	24.89
846	24.9
847	24.9
848	24.88
849	24.87
850	24.85
851	24.85
852	24.86
853	24.88
854	24.87
855	24.88
856	24.93
857	24.93
858	24.95
859	24.96
860	24.99
861	25.03
862	25.05
863	25.04
864	25.11
865	25.12
866	25.15
867	25.16
868	25.17
869	25.18
870	25.23
871	25.23
872	25.25
873	25.28
874	25.32
875	25.36
876	25.38
877	25.42
878	25.41
879	25.42
880	25.44
881	25.43
882	25.43
883	25.45
884	25.51
885	25.54
886	25.61
887	25.62
888	25.6
889	25.62
890	25.6
891	25.59
892	25.58
893	25.59
894	25.61
895	25.65
896	25.66
897	25.69
898	25.71
899	25.73
900	25.77
901	25.82
902	25.86
903	25.8
904	25.77
905	25.85
906	25.89
907	25.93
908	25.92
909	25.91
910	25.96
911	25.94
912	25.97
913	25.95
914	25.96
915	25.97
916	26.0
917	26.01
918	26.05
919	26.05
920	26.06
921	26.13
922	26.18
923	26.19
924	26.26
925	26.29
926	26.32
927	26.35
928	26.36
929	26.3
930	26.29
931	26.29
932	26.31
933	26.31
934	26.34
935	26.34
936	26.36
937	26.38
938	26.4
939	26.4
940	26.43
941	26.43
942	26.44
943	26.48
944	26.5
945	26.5
946	26.5
947	26.49
948	26.54
949	26.55
950	26.55
951	26.57
952	26.54
953	26.54
954	26.5
955	26.5
956	26.48
957	26.53
958	26.55
959	26.57
960	26.61
961	26.62
962	26.61
963	26.66
964	26.72
965	26.77
966	26.77
967	26.78
968	26.8
969	26.79
970	26.79
971	26.79
972	26.8
973	26.79
974	26.84
975	26.84
976	26.81
977	26.8
978	26.85
979	26.94
980	26.98
981	26.98
982	27.01
983	26.98
984	27.03
985	27.02
986	27.0
987	27.07
988	27.11
989	27.09
990	27.12
991	27.15
992	27.19
993	27.25
994	27.27
995	27.26
996	27.22
997	27.25
998	27.28
999	27.27
1000	27.32
1001	27.3
1002	27.32
1003	27.33
1004	27.37
1005	27.37
1006	27.37
1007	27.41
1008	27.44
1009	27.51
1010	27.49
1011	27.51
1012	27.55
1013	27.55
1014	27.56
1015	27.57
1016	27.59
1017	27.64
1018	27.64
1019	27.67
1020	27.67
1021	27.72
1022	27.78
1023	27.79
1024	27.82
1025	27.81
1026	27.86
1027	27.86
1028	27.91
1029	27.95
1030	27.96
1031	27.99
1032	27.97
1033	28.01
1034	28.05
1035	28.08
1036	28.08
1037	28.15
1038	28.15
1039	28.16
1040	28.12
1041	28.16
1042	28.17
1043	28.11
1044	28.09
1045	28.11
1046	28.05
1047	28.06
1048	28.06
1049	28.05
1050	28.03
1051	28.06
1052	28.08
1053	28.11
1054	28.12
1055	28.16
1056	28.18
1057	28.15
1058	28.16
1059	28.16
1060	28.19
1061	28.19
1062	28.23
1063	28.25
1064	28.27
1065	28.28
1066	28.3
1067	28.33
1068	28.32
1069	28.34
1070	28.42
1071	28.46
1072	28.47
1073	28.52
1074	28.52
1075	28.58
1076	28.63
1077	28.64
1078	28.68
1079	28.74
1080	28.73
1081	28.74
1082	28.73
1083	28.7
1084	28.72
1085	28.69
1086	28.7
1087	28.72
1088	28.72
1089	28.73
1090	28.79
1091	28.77
1092	28.76
1093	28.75
1094	28.77
1095	28.74
1096	28.79
1097	28.81
1098	28.83
1099	28.84
1100	28.9
1101	28.91
1102	28.92
1103	28.97
1104	28.93
1105	28.98
1106	29.01
1107	29.04
1108	29.08
1109	29.11
1110	29.1
1111	29.11
1112	29.17
1113	29.15
1114	29.13
1115	29.13
1116	29.15
1117	29.13
1118	29.14
1119	29.2
1120	29.21
1121	29.25
1122	29.29
1123	29.34
1124	29.37
1125	29.37
1126	29.36
1127	29.42
1128	29.49
1129	29.48
1130	29.51
1131	29.53
1132	29.53
1133	29.54
1134	29.59
1135	29.6
1136	29.63
1137	29.58
1138	29.63
1139	29.68
1140	29.72
1141	29.72
1142	29.74
1143	29.79
1144	29.84
1145	29.83
1146	29.85
1147	29.92
1148	29.94
1149	29.98
1150	29.98
1151	30.04
1152	30.06
1153	30.06
1154	30.11
1155	30.14
1156	30.12
1157	30.12
1158	30.1
1159	30.09
1160	30.14
1161	30.13
1162	30.1
1163	30.1
1164	30.14
1165	30.15
1166	30.17
1167	30.17
1168	30.14
1169	30.13
1170	30.12
1171	30.16
1172	30.16
1173	30.16
1174	30.19
1175	30.21
1176	30.23
1177	30.24
1178	30.24
1179	30.26
1180	30.31
1181	30.28
1182	30.29
1183	30.3
1184	30.31
1185	30.33
1186	30.32
1187	30.31
1188	30.34
1189	30.38
1190	30.39
1191	30.42
1192	30.44
1193	30.45
1194	30.49
1195	30.46
1196	30.51
1197	30.52
1198	30.59
1199	30.6
1200	30.63
1201	30.64
1202	30.66
1203	30.69
1204	30.74
1205	30.74
1206	30.73
1207	30.73
1208	30.75
1209	30.78
1210	30.84
1211	30.86
1212	30.87
1213	30.87
1214	30.88
1215	30.9
1216	30.91
1217	30.95
1218	30.96
1219	30.97
1220	31.0
1221	30.99
1222	31.03
1223	31.02
1224	31.05
1225	31.04
1226	31.05
1227	31.08
1228	31.06
1229	31.05
1230	31.06
1231	31.1
1232	31.14
1233	31.17
1234	31.17
1235	31.28
1236	31.27
1237	31.32
1238	31.32
1239	31.31
1240	31.32
1241	31.35
1242	31.38
1243	31.41
1244	31.43
1245	31.45
1246	31.48
1247	31.52
1248	31.52
1249	31.59
1250	31.64
1251	31.65
1252	31.64
1253	31.67
1254	31.68
1255	31.67
1256	31.66
1257	31.67
1258	31.71
1259	31.69
1260	31.74
1261	31.76
1262	31.81
1263	31.83
1264	31.85
1265	31.81
1266	31.81
1267	31.82
1268	31.83
1269	31.87
1270	31.86
1271	31.82
1272	31.84
1273	31.88
1274	31.89
1275	31.89
1276	31.91
1277	31.94
1278	31.94
1279	31.96
1280	31.92
1281	31.93
1282	31.95
1283	31.96
1284	31.98
1285	31.99
1286	32.06
1287	32.1
1288	32.14
1289	32.16
1290	32.19
1291	32.17
1292	32.19
1293	32.22
1294	32.26
1295	32.32
1296	32.35
1297	32.37
1298	32.42
1299	32.44
1300	32.45
1301	32.48
1302	32.54
1303	32.53
1304	32.56
1305	32.6
1306	32.67
1307	32.69
1308	32.73
1309	32.76
1310	32.76
1311	32.77
1312	32.76
1313	32.76
1314	32.8
1315	32.81
1316	32.84
1317	32.83
1318	32.9
1319	32.91
1320	32.9
1321	32.86
1322	32.85
1323	32.85
1324	32.85
1325	32.89
1326	32.91
1327	32.97
1328	32.97
1329	32.97
1330	32.98
1331	32.97
1332	32.97
1333	33.03
1334	33.06
1335	33.07
1336	33.11
1337	33.2
1338	33.21
1339	33.19
1340	33.21
1341	33.27
1342	33.29
1343	33.32
1344	33.35
1345	33.34
1346	33.37
1347	33.35
1348	33.38
1349	33.42
1350	33.43
1351	33.43
1352	33.46
1353	33.49
1354	33.52
1355	33.55
1356	33.56
1357	33.59
1358	33.62
1359	33.62
1360	33.66
1361	33.67
1362	33.66
1363	33.71
1364	33.79
1365	33.83
1366	33.84
1367	33.85
1368	33.86
1369	33.87
1370	33.86
1371	33.9
1372	33.91
1373	33.96
1374	34.01
1375	34.04
1376	34.09
1377	34.07
1378	34.11
1379	34.14
1380	34.17
1381	34.18
1382	34.21
1383	34.23
1384	34.22
1385	34.29
1386	34.32
1387	34.36
1388	34.43
1389	34.46
1390	34.48
1391	34.51
1392	34.52
1393	34.59
1394	34.63
1395	34.6
1396	34.59
1397	34.61
1398	34.58
1399	34.56
1400	34.54
1401	34.52
1402	34.51
1403	34.53
1404	34.55
1405	34.64
1406	34.58
1407	34.62
1408	34.58
1409	34.63
1410	34.65
1411	34.63
1412	34.68
1413	34.67
1414	34.68
1415	34.69
1416	34.72
1417	34.77
1418	34.81
1419	34.79
1420	34.81
1421	34.82
1422	34.86
1423	34.92
1424	34.93
1425	34.94
1426	34.96
1427	34.97
1428	34.97
1429	34.96
1430	34.99
1431	35.0
1432	35.02
1433	35.09
1434	35.09
1435	35.06
1436	35.08
1437	35.1
1438	35.13
1439	35.14
1440	35.14
1441	35.23
1442	35.22
1443	35.21
1444	35.24
1445	35.27
1446	35.29
1447	35.27
1448	35.27
1449	35.24
1450	35.26
1451	35.27
1452	35.26
1453	35.25
1454	35.28
1455	35.3
1456	35.3
1457	35.31
1458	35.34
1459	35.29
1460	35.32
1461	35.35
1462	35.36
1463	35.38
1464	35.39
1465	35.41
1466	35.4
1467	35.4
1468	35.43
1469	35.46
1470	35.5
1471	35.51
1472	35.52
1473	35.55
1474	35.55
1475	35.56
1476	35.62
1477	35.61
1478	35.66
1479	35.67
1480	35.69
1481	35.68
1482	35.73
1483	35.76
1484	35.78
1485	35.77
1486	35.79
1487	35.8
1488	35.79
1489	35.79
1490	35.85
1491	35.86
1492	35.86
1493	35.84
1494	35.81
1495	35.8
1496	35.83
1497	35.8
1498	35.81
1499	35.77
1500	35.78
1501	35.75
1502	35.76
1503	35.77
1504	35.77
1505	35.81
1506	35.83
1507	35.82
1508	35.86
1509	35.94
1510	35.92
1511	35.97
1512	35.94
1513	35.93
1514	35.92
1515	35.94
1516	35.95
1517	36.01
1518	35.99
1519	36.03
1520	36.04
1521	36.06
1522	36.06
1523	36.09
1524	36.09
1525	36.1
1526	36.15
1527	36.12
1528	36.19
1529	36.17
1530	36.2
1531	36.18
1532	36.23
1533	36.24
1534	36.28
1535	36.29
1536	36.29
1537	36.32
1538	36.37
1539	36.39
1540	36.39
1541	36.38
1542	36.38
1543	36.34
1544	36.36
1545	36.37
1546	36.42
1547	36.46
1548	36.5
1549	36.52
1550	36.55
1551	36.53
1552	36.51
1553	36.56
1554	36.62
1555	36.63
1556	36.68
1557	36.69
1558	36.69
1559	36.71
1560	36.75
1561	36.79
1562	36.82
1563	36.83
1564	36.83
1565	36.85
1566	36.89
1567	36.94
1568	37.0
1569	37.06
1570	37.08
1571	37.1
1572	37.08
1573	37.05
1574	37.1
1575	37.12
1576	37.14
1577	37.15
1578	37.13
1579	37.1
1580	37.07
1581	37.06
1582	37.08
1583	37.1
1584	37.14
1585	37.19
1586	37.2
1587	37.2
1588	37.24
1589	37.25
1590	37.25
1591	37.25
1592	37.29
1593	37.31
1594	37.31
1595	37.31
1596	37.31
1597	37.33
1598	37.34
1599	37.37
1600	37.38
1601	37.38
1602	37.43
1603	37.43
1604	37.45
1605	37.46
1606	37.42
1607	37.42
1608	37.48
1609	37.47
1610	37.5
1611	37.53
1612	37.52
1613	37.55
1614	37.56
1615	37.55
1616	37.54
1617	37.53
1618	37.56
1619	37.54
1620	37.58
1621	37.59
1622	37.6
1623	37.62
1624	37.63
1625	37.64
1626	37.62
1627	37.68
1628	37.68
1629	37.69
1630	37.73
1631	37.72
1632	37.74
1633	37.76
1634	37.76
1635	37.79
1636	37.8
1637	37.81
1638	37.87
1639	37.86
1640	37.86
1641	37.86
1642	37.87
1643	37.84
1644	37.81
1645	37.8
1646	37.82
1647	37.81
1648	37.82
1649	37.83
1650	37.86
1651	37.87
1652	37.91
1653	37.9
1654	37.9
1655	37.89
1656	37.87
1657	37.89
1658	37.89
1659	37.9
1660	37.91
1661	37.93
1662	37.93
1663	37.95
1664	37.96
1665	37.99
1666	37.99
1667	38.03
1668	38.01
1669	38.01
1670	37.99
1671	37.97
1672	38.01
1673	38.03
1674	38.07
1675	38.08
1676	38.04
1677	38.06
1678	38.06
1679	38.05
1680	38.07
1681	38.07
1682	38.1
1683	38.12
1684	38.15
1685	38.14
1686	38.18
1687	38.24
1688	38.26
1689	38.27
1690	38.28
1691	38.29
1692	38.33
1693	38.38
1694	38.38
1695	38.42
1696	38.43
1697	38.43
1698	38.42
1699	38.49
1700	38.56
1701	38.6
1702	38.63
1703	38.62
1704	38.63
1705	38.63
1706	38.69
1707	38.68
1708	38.69
1709	38.72
1710	38.74
1711	38.74
1712	38.77
1713	38.76
1714	38.82
1715	38.86
1716	38.88
1717	38.95
1718	38.98
1719	38.99
1720	39.02
1721	39.07
1722	39.05
1723	39.08
1724	39.12
1725	39.11
1726	39.1
1727	39.08
1728	39.1
1729	39.1
1730	39.13
1731	39.17
1732	39.12
1733	39.14
1734	39.1
1735	39.15
1736	39.14
1737	39.17
1738	39.19
1739	39.19
1740	39.23
1741	39.22
1742	39.28
1743	39.24
1744	39.25
1745	39.29
1746	39.29
1747	39.3
1748	39.3
1749	39.3
1750	39.33
1751	39.41
1752	39.43
1753	39.43
1754	39.43
1755	39.45
1756	39.5
1757	39.52
1758	39.54
1759	39.54
1760	39.54
1761	39.55
1762	39.53
1763	39.52
1764	39.53
1765	39.56
1766	39.54
1767	39.59
1768	39.6
1769	39.57
1770	39.58
1771	39.58
1772	39.65
1773	39.66
1774	39.66
1775	39.7
1776	39.7
1777	39.8
1778	39.81
1779	39.81
1780	39.82
1781	39.83
1782	39.9
1783	39.9
1784	39.92
1785	39.9
1786	39.9
1787	39.91
1788	39.96
1789	39.93
1790	39.94
1791	39.96
1792	39.99
1793	39.96
1794	39.96
1795	39.95
1796	39.96
1797	39.97
1798	40.01
1799	40.06
1800	40.06
1801	40.1
1802	40.07
1803	40.12
1804	40.13
1805	40.13
1806	40.15
1807	40.19
1808	40.22
1809	40.24
1810	40.27
1811	40.29
1812	40.28
1813	40.27
1814	40.3
1815	40.3
1816	40.31
1817	40.3
1818	40.33
1819	40.35
1820	40.38
1821	40.4
1822	40.42
1823	40.41
1824	40.4
1825	40.4
1826	40.4
1827	40.44
1828	40.48
1829	40.51
1830	40.52
1831	40.52
1832	40.54
1833	40.55
1834	40.55
1835	40.57
1836	40.63
1837	40.62
1838	40.64
1839	40.64
1840	40.64
1841	40.65
1842	40.64
1843	40.66
1844	40.71
1845	40.73
1846	40.69
1847	40.68
1848	40.76
1849	40.75
1850	40.78
1851	40.84
1852	40.82
1853	40.85
1854	40.85
1855	40.9
1856	40.93
1857	40.89
1858	40.88
1859	40.86
1860	40.85
1861	40.91
1862	40.92
1863	40.94
1864	40.93
1865	40.98
1866	41.0
1867	40.99
1868	40.99
1869	41.01
1870	41.02
1871	41.03
1872	41.02
1873	41.03
1874	41.01
1875	41.01
1876	41.05
1877	41.1
1878	41.09
1879	41.1
1880	41.13
1881	41.13
1882	41.13
1883	41.17
1884	41.18
1885	41.17
1886	41.2
1887	41.22
1888	41.21
1889	41.26
1890	41.3
1891	41.31
1892	41.38
1893	41.38
1894	41.39
1895	41.42
1896	41.43
1897	41.45
1898	41.49
1899	41.51
1900	41.5
1901	41.52
1902	41.55
1903	41.54
1904	41.56
1905	41.61
1906	41.7
1907	41.74
1908	41.74
1909	41.72
1910	41.73
1911	41.74
1912	41.73
1913	41.75
1914	41.78
1915	41.81
1916	41.8
1917	41.84
1918	41.85
1919	41.87
1920	41.89
1921	41.91
1922	41.94
1923	41.95
1924	41.97
1925	42.01
1926	42.03
1927	42.05
1928	42.07
1929	42.07
1930	42.06
1931	42.11
1932	42.14
1933	42.18
1934	42.2
1935	42.2
1936	42.17
1937	42.19
1938	42.2
1939	42.18
1940	42.2
1941	42.24
1942	42.27
1943	42.26
1944	42.25
1945	42.22
1946	42.21
1947	42.23
1948	42.24
1949	42.27
1950	42.29
1951	42.31
1952	42.33
1953	42.31
1954	42.32
1955	42.35
1956	42.37
1957	42.39
1958	42.42
1959	42.44
1960	42.48
1961	42.51
1962	42.54
1963	42.57
1964	42.58
1965	42.62
1966	42.66
1967	42.66
1968	42.67
1969	42.72
1970	42.72
1971	42.77
1972	42.78
1973	42.79
1974	42.81
1975	42.83
1976	42.83
1977	42.84
1978	42.86
1979	42.89
1980	42.86
1981	42.88
1982	42.88
1983	42.9
1984	42.91
1985	42.9
1986	42.92
1987	42.92
1988	42.94
1989	42.95
1990	43.01
1991	43.03
1992	43.06
1993	43.06
1994	43.09
1995	43.11
1996	43.15
1997	43.16
1998	43.2
1999	43.25
2000	43.24
2001	43.26
2002	43.27
2003	43.3
2004	43.35
2005	43.33
2006	43.35
2007	43.37
2008	43.38
2009	43.39
2010	43.45
2011	43.48
2012	43.52
2013	43.54
2014	43.57
2015	43.57
2016	43.54
2017	43.55
2018	43.55
2019	43.56
2020	43.59
2021	43.58
2022	43.56
2023	43.58
2024	43.58
2025	43.57
2026	43.57
2027	43.62
2028	43.62
2029	43.67
2030	43.68
2031	43.69
2032	43.7
2033	43.65
2034	43.69
2035	43.68
2036	43.66
2037	43.66
2038	43.69
2039	43.72
2040	43.73
2041	43.76
2042	43.8
2043	43.79
2044	43.78
2045	43.79
2046	43.78
2047	43.75
2048	43.79
2049	43.82
2050	43.83
2051	43.88
2052	43.88
2053	43.91
2054	43.95
2055	43.95
2056	43.96
2057	43.96
2058	43.95
2059	43.99
2060	44.01
2061	44.02
2062	44.0
2063	44.07
2064	44.05
2065	44.04
2066	44.08
2067	44.09
2068	44.07
2069	44.11
2070	44.12
2071	44.08
2072	44.12
2073	44.12
2074	44.13
2075	44.15
2076	44.18
2077	44.19
2078	44.21
2079	44.2
2080	44.23
2081	44.23
2082	44.23
2083	44.24
2084	44.28
2085	44.29
2086	44.3
2087	44.33
2088	44.36
2089	44.36
2090	44.39
2091	44.41
2092	44.42
2093	44.41
2094	44.43
2095	44.43
2096	44.42
2097	44.43
2098	44.48
2099	44.5
2100	44.57
2101	44.58
2102	44.6
2103	44.64
2104	44.66
2105	44.65
2106	44.63
2107	44.65
2108	44.68
2109	44.67
2110	44.71
2111	44.81
2112	44.78
2113	44.81
2114	44.81
2115	44.82
2116	44.82
2117	44.88
2118	44.87
2119	44.89
2120	44.91
2121	44.9
2122	44.9
2123	44.92
2124	44.94
2125	44.96
2126	44.95
2127	44.96
2128	44.93
2129	44.92
2130	44.92
2131	44.92
2132	44.91
2133	44.93
2134	44.93
2135	44.98
2136	45.01
2137	45.05
2138	45.05
2139	45.08
2140	45.08
2141	45.13
2142	45.11
2143	45.14
2144	45.14
2145	45.15
2146	45.17
2147	45.15
2148	45.17
2149	45.18
2150	45.2
2151	45.22
2152	45.24
2153	45.27
2154	45.28
2155	45.25
2156	45.24
2157	45.25
2158	45.28
2159	45.27
2160	45.32
2161	45.31
2162	45.28
2163	45.28
2164	45.28
2165	45.33
2166	45.36
2167	45.35
2168	45.4
2169	45.39
2170	45.41
2171	45.4
2172	45.41
2173	45.47
2174	45.43
2175	45.45
2176	45.45
2177	45.49
2178	45.5
2179	45.53
2180	45.54
2181	45.58
2182	45.55
2183	45.56
2184	45.51
2185	45.52
2186	45.54
2187	45.53
2188	45.5
2189	45.49
2190	45.52
2191	45.49
2192	45.48
2193	45.49
2194	45.52
2195	45.53
2196	45.56
2197	45.58
2198	45.55
2199	45.55
2200	45.59
2201	45.59
2202	45.6
2203	45.64
2204	45.65
2205	45.64
2206	45.66
2207	45.67
2208	45.66
2209	45.71
2210	45.76
2211	45.84
2212	45.86
2213	45.87
2214	45.85
2215	45.9
2216	45.92
2217	45.95
2218	45.97
2219	46.02
2220	46.04
2221	46.04
2222	46.01
2223	46.02
2224	46.03
2225	46.05
2226	46.06
2227	46.08
2228	46.09
2229	46.08
2230	46.09
2231	46.1
2232	46.15
2233	46.17
2234	46.18
2235	46.19
2236	46.18
2237	46.19
2238	46.19
2239	46.21
2240	46.23
2241	46.22
2242	46.2
2243	46.21
2244	46.25
2245	46.27
2246	46.3
2247	46.3
2248	46.31
2249	46.33
2250	46.35
2251	46.36
2252	46.33
2253	46.35
2254	46.34
2255	46.38
2256	46.39
2257	46.4
2258	46.43
2259	46.47
2260	46.49
2261	46.49
2262	46.52
2263	46.5
2264	46.47
2265	46.49
2266	46.56
2267	46.55
2268	46.56
2269	46.6
2270	46.58
2271	46.64
2272	46.64
2273	46.67
2274	46.7
2275	46.67
2276	46.71
2277	46.74
2278	46.78
2279	46.82
2280	46.84
2281	46.86
2282	46.88
2283	46.86
2284	46.87
2285	46.88
2286	46.88
2287	46.89
2288	46.92
2289	46.92
2290	46.95
2291	46.95
2292	46.96
2293	46.92
2294	46.93
2295	46.96
2296	46.96
2297	46.96
2298	46.96
2299	46.97
2300	46.96
2301	46.94
2302	46.94
2303	46.98
2304	46.95
2305	46.99
2306	47.02
2307	47.02
2308	47.06
2309	47.09
2310	47.08
2311	47.11
2312	47.12
2313	47.14
2314	47.16
2315	47.17
2316	47.16
2317	47.23
2318	47.23
2319	47.23
2320	47.25
2321	47.27
2322	47.26
2323	47.29
2324	47.3
2325	47.3
2326	47.3
2327	47.32
2328	47.31
2329	47.3
2330	47.36
2331	47.34
2332	47.33
2333	47.35
2334	47.38
2335	47.41
2336	47.44
2337	47.44
2338	47.41
2339	47.41
2340	47.43
2341	47.43
2342	47.42
2343	47.48
2344	47.51
2345	47.54
2346	47.55
2347	47.52
2348	47.53
2349	47.56
2350	47.57
2351	47.6
2352	47.62
2353	47.61
2354	47.62
2355	47.62
2356	47.63
2357	47.65
2358	47.67
2359	47.69
2360	47.67
2361	47.66
2362	47.66
2363	47.63
2364	47.67
2365	47.66
2366	47.65
2367	47.62
2368	47.62
2369	47.63
2370	47.64
2371	47.65
2372	47.66
2373	47.66
2374	47.69
2375	47.69
2376	47.68
2377	47.68
2378	47.65
2379	47.67
2380	47.69
2381	47.7
2382	47.73
2383	47.74
2384	47.75
2385	47.77
2386	47.77
2387	47.79
2388	47.83
2389	47.82
2390	47.81
2391	47.85
2392	47.87
2393	47.86
2394	47.87
2395	47.9
2396	47.91
2397	47.9
2398	47.92
2399	47.94
2400	47.95
2401	47.97
2402	48.0
2403	47.97
2404	47.99
2405	48.03
2406	48.08
2407	48.11
2408	48.14
2409	48.16
2410	48.15
2411	48.15
2412	48.17
2413	48.21
2414	48.23
2415	48.25
2416	48.26
2417	48.25
2418	48.27
2419	48.28
2420	48.27
2421	48.29
2422	48.3
2423	48.32
2424	48.31
2425	48.34
2426	48.34
2427	48.34
2428	48.35
2429	48.37
2430	48.41
2431	48.43
2432	48.46
2433	48.48
2434	48.5
2435	48.51
2436	48.53
2437	48.53
2438	48.55
2439	48.55
2440	48.6
2441	48.57
2442	48.56
2443	48.59
2444	48.63
2445	48.66
2446	48.69
2447	48.71
2448	48.71
2449	48.73
2450	48.79
2451	48.84
2452	48.88
2453	48.87
2454	48.86
2455	48.86
2456	48.88
2457	48.91
2458	48.92
2459	48.95
2460	48.94
2461	48.93
2462	48.91
2463	48.92
2464	48.93
2465	48.98
2466	48.97
2467	48.98
2468	49.0
2469	49.0
2470	48.98
2471	49.01
2472	48.96
2473	48.98
2474	48.98
2475	48.94
2476	48.98
2477	49.03
2478	49.1
2479	49.11
2480	49.15
2481	49.17
2482	49.17
2483	49.2
2484	49.2
2485	49.2
2486	49.22
2487	49.18
2488	49.16
2489	49.15
2490	49.17
2491	49.2
2492	49.26
2493	49.25
2494	49.25
2495	49.25
2496	49.28
2497	49.3
2498	49.28
2499	49.33
2500	49.32
2501	49.34
2502	49.36
2503	49.36
2504	49.4
2505	49.39
2506	49.38
2507	49.42
2508	49.41
2509	49.44
2510	49.42
2511	49.43
2512	49.44
2513	49.42
2514	49.43
2515	49.41
2516	49.43
2517	49.43
2518	49.42
2519	49.47
2520	49.49
2521	49.5
2522	49.5
2523	49.47
2524	49.47
2525	49.47
2526	49.5
2527	49.51
2528	49.53
2529	49.56
2530	49.55
2531	49.59
2532	49.65
2533	49.62
2534	49.64
2535	49.65
2536	49.61
2537	49.63
2538	49.64
2539	49.71
2540	49.69
2541	49.69
2542	49.7
2543	49.7
2544	49.71
2545	49.71
2546	49.71
2547	49.69
2548	49.76
2549	49.78
2550	49.76
2551	49.81
2552	49.83
2553	49.85
2554	49.91
2555	49.89
2556	49.9
2557	49.91
2558	49.91
2559	49.92
2560	49.98
2561	49.97
2562	49.98
2563	50.0
2564	49.97
2565	49.97
2566	50.0
2567	50.03
2568	50.07
2569	50.07
2570	50.06
2571	50.06
2572	50.11
2573	50.14
2574	50.14
2575	50.17
2576	50.2
2577	50.21
2578	50.24
2579	50.25
2580	50.26
2581	50.28
2582	50.27
2583	50.29
2584	50.31
2585	50.32
2586	50.37
2587	50.39
2588	50.45
2589	50.44
2590	50.45
2591	50.49
2592	50.48
2593	50.5
2594	50.51
2595	50.53
2596	50.54
2597	50.54
2598	50.56
2599	50.6
2600	50.61
2601	50.63
2602	50.65
2603	50.69
2604	50.68
2605	50.61
2606	50.68
2607	50.67
2608	50.67
2609	50.67
2610	50.68
2611	50.69
2612	50.72
2613	50.72
2614	50.69
2615	50.67
2616	50.69
2617	50.68
2618	50.72
2619	50.72
2620	50.71
2621	50.7
2622	50.72
2623	50.75
2624	50.76
2625	50.81
2626	50.84
2627	50.87
2628	50.88
2629	50.89
2630	50.92
2631	50.95
2632	50.96
2633	50.93
2634	50.94
2635	50.94
2636	50.92
2637	50.94
2638	50.95
2639	50.92
2640	50.94
2641	50.97
2642	50.99
2643	51.05
2644	51.06
2645	51.07
2646	51.06
2647	51.1
2648	51.13
2649	51.14
2650	51.15
2651	51.16
2652	51.2
2653	51.18
2654	51.18
2655	51.2
2656	51.23
2657	51.22
2658	51.28
2659	51.26
2660	51.3
2661	51.29
2662	51.28
2663	51.28
2664	51.31
2665	51.27
2666	51.29
2667	51.35
2668	51.37
2669	51.37
2670	51.42
2671	51.43
2672	51.45
2673	51.44
2674	51.43
2675	51.44
2676	51.44
2677	51.51
2678	51.52
2679	51.55
2680	51.56
2681	51.55
2682	51.62
2683	51.64
2684	51.7
2685	51.69
2686	51.71
2687	51.74
2688	51.74
2689	51.76
2690	51.74
2691	51.74
2692	51.76
2693	51.76
2694	51.76
2695	51.79
2696	51.76
2697	51.76
2698	51.8
2699	51.83
2700	51.81
2701	51.8
2702	51.8
2703	51.83
2704	51.84
2705	51.88
2706	51.9
2707	51.95
2708	51.9
2709	51.94
2710	51.95
2711	52.0
2712	52.02
2713	52.01
2714	52.03
2715	52.01
2716	52.03
2717	52.03
2718	52.02
2719	52.01
2720	51.96
2721	51.96
2722	51.97
2723	52.0
2724	52.02
2725	52.0
2726	51.98
2727	52.03
2728	52.04
2729	52.05
2730	52.07
2731	52.1
2732	52.1
2733	52.16
2734	52.17
2735	52.17
2736	52.21
2737	52.21
2738	52.17
2739	52.17
2740	52.18
2741	52.23
2742	52.24
2743	52.26
2744	52.24
2745	52.24
2746	52.23
2747	52.28
2748	52.33
2749	52.38
2750	52.43
2751	52.46
2752	52.49
2753	52.46
2754	52.47
2755	52.52
2756	52.53
2757	52.51
2758	52.53
2759	52.56
2760	52.6
2761	52.62
2762	52.64
2763	52.66
2764	52.67
2765	52.69
2766	52.71
2767	52.7
2768	52.74
2769	52.75
2770	52.76
2771	52.77
2772	52.82
2773	52.82
2774	52.87
2775	52.91
2776	52.93
2777	52.95
2778	52.95
2779	52.96
2780	52.96
2781	52.98
2782	53.0
2783	53.0
2784	52.98
2785	53.01
2786	53.02
2787	53.02
2788	53.02
2789	53.08
2790	53.12
2791	53.16
2792	53.18
2793	53.2
2794	53.22
2795	53.2
2796	53.18
2797	53.17
2798	53.18
2799	53.17
2800	53.19
2801	53.14
2802	53.18
2803	53.17
2804	53.18
2805	53.19
2806	53.15
2807	53.16
2808	53.18
2809	53.22
2810	53.23
2811	53.23
2812	53.24
2813	53.23
2814	53.21
2815	53.19
2816	53.17
2817	53.15
2818	53.17
2819	53.19
2820	53.17
2821	53.17
2822	53.17
2823	53.18
2824	53.2
2825	53.2
2826	53.25
2827	53.3
2828	53.36
2829	53.37
2830	53.37
2831	53.38
2832	53.4
2833	53.43
2834	53.43
2835	53.49
2836	53.47
2837	53.46
2838	53.45
2839	53.47
2840	53.47
2841	53.49
2842	53.48
2843	53.49
2844	53.49
2845	53.5
2846	53.54
2847	53.54
2848	53.56
2849	53.57
2850	53.58
2851	53.57
2852	53.62
2853	53.65
2854	53.64
2855	53.65
2856	53.66
2857	53.67
2858	53.65
2859	53.68
2860	53.65
2861	53.66
2862	53.68
2863	53.68
2864	53.69
2865	53.72
2866	53.75
2867	53.76
2868	53.76
2869	53.77
2870	53.76
2871	53.8
2872	53.83
2873	53.84
2874	53.86
2875	53.89
2876	53.87
2877	53.86
2878	53.86
2879	53.84
2880	53.85
2881	53.84
2882	53.87
2883	53.87
2884	53.88
2885	53.89
2886	53.87
2887	53.85
2888	53.86
2889	53.87
2890	53.88
2891	53.89
2892	53.92
2893	53.93
2894	53.94
2895	53.93
2896	53.97
2897	53.99
2898	54.0
2899	53.98
2900	53.98
2901	53.98
2902	53.96
2903	53.96
2904	53.95
2905	53.94
2906	53.94
2907	53.94
2908	53.93
2909	53.93
2910	53.96
2911	53.96
2912	53.99
2913	53.97
2914	54.03
2915	54.05
2916	54.06
2917	54.04
2918	54.01
2919	54.02
2920	54.02
2921	54.03
2922	54.02
2923	53.98
2924	54.01
2925	53.98
2926	54.0
2927	53.99
2928	53.98
2929	54.0
2930	54.02
2931	54.03
2932	54.06
2933	54.04
2934	54.03
2935	54.04
2936	54.02
2937	53.98
2938	53.96
2939	53.97
2940	53.99
2941	53.99
2942	53.99
2943	54.01
2944	53.99
2945	53.96
2946	54.01
2947	54.01
2948	54.05
2949	54.05
2950	54.06
2951	54.09
2952	54.1
2953	54.1
2954	54.09
2955	54.08
2956	54.12
2957	54.15
2958	54.17
2959	54.19
2960	54.2
2961	54.18
2962	54.2
2963	54.21
2964	54.18
2965	54.2
2966	54.24
2967	54.25
2968	54.27
2969	54.29
2970	54.35
2971	54.34
2972	54.37
2973	54.36
2974	54.38
2975	54.44
2976	54.45
2977	54.44
2978	54.45
2979	54.46
2980	54.51
2981	54.48
2982	54.48
2983	54.48
2984	54.49
2985	54.5
2986	54.51
2987	54.51
2988	54.51
2989	54.52
2990	54.49
2991	54.48
2992	54.48
2993	54.48
2994	54.5
2995	54.54
2996	54.57
2997	54.59
2998	54.59
2999	54.64
3000	54.67
3001	54.65
3002	54.63
3003	54.67
3004	54.68
3005	54.72
3006	54.77
3007	54.78
3008	54.79
3009	54.81
3010	54.88
3011	54.89
3012	54.88
3013	54.89
3014	54.86
3015	54.88
3016	54.91
3017	54.92
3018	54.94
3019	54.95
3020	54.96
3021	54.95
3022	54.96
3023	54.95
3024	54.92
3025	54.91
3026	54.95
3027	54.97
3028	54.99
3029	55.0
3030	55.05
3031	55.06
3032	55.06
3033	55.04
3034	55.06
3035	55.03
3036	55.06
3037	55.06
3038	55.08
3039	55.09
3040	55.12
3041	55.12
3042	55.12
3043	55.11
3044	55.12
3045	55.14
3046	55.11
3047	55.1
3048	55.1
3049	55.12
3050	55.12
3051	55.11
3052	55.07
3053	55.12
3054	55.14
3055	55.15
3056	55.18
3057	55.21
3058	55.24
3059	55.26
3060	55.26
3061	55.28
3062	55.32
3063	55.33
3064	55.34
3065	55.34
3066	55.36
3067	55.39
3068	55.39
3069	55.41
3070	55.42
3071	55.43
3072	55.43
3073	55.45
3074	55.46
3075	55.49
3076	55.49
3077	55.5
3078	55.49
3079	55.52
3080	55.53
3081	55.55
3082	55.58
3083	55.57
3084	55.58
3085	55.61
3086	55.63
3087	55.64
3088	55.63
3089	55.65
3090	55.67
3091	55.69
3092	55.7
3093	55.71
3094	55.71
3095	55.72
3096	55.73
3097	55.75
3098	55.75
3099	55.75
3100	55.74
3101	55.74
3102	55.73
3103	55.73
3104	55.72
3105	55.76
3106	55.79
3107	55.82
3108	55.81
3109	55.81
3110	55.83
3111	55.84
3112	55.83
3113	55.85
3114	55.86
3115	55.88
3116	55.91
3117	55.93
3118	55.97
3119	56.0
3120	56.01
3121	56.06
3122	56.08
3123	56.08
3124	56.08
3125	56.09
3126	56.1
3127	56.12
3128	56.17
3129	56.18
3130	56.14
3131	56.16
3132	56.18
3133	56.2
3134	56.2
3135	56.2
3136	56.22
3137	56.22
3138	56.28
3139	56.31
3140	56.32
3141	56.31
3142	56.31
3143	56.33
3144	56.34
3145	56.32
3146	56.31
3147	56.3
3148	56.28
3149	56.27
3150	56.3
3151	56.28
3152	56.27
3153	56.29
3154	56.3
3155	56.27
3156	56.3
3157	56.26
3158	56.26
3159	56.27
3160	56.26
3161	56.25
3162	56.27
3163	56.28
3164	56.3
3165	56.38
3166	56.42
3167	56.42
3168	56.42
3169	56.45
3170	56.45
3171	56.51
3172	56.51
3173	56.52
3174	56.53
3175	56.56
3176	56.58
3177	56.56
3178	56.56
3179	56.58
3180	56.63
3181	56.67
3182	56.69
3183	56.7
3184	56.71
3185	56.71
3186	56.71
3187	56.68
3188	56.73
3189	56.75
3190	56.76
3191	56.75
3192	56.75
3193	56.77
3194	56.76
3195	56.74
3196	56.74
3197	56.75
3198	56.79
3199	56.8
3200	56.78
3201	56.82
3202	56.8
3203	56.83
3204	56.88
3205	56.92
3206	56.91
3207	56.9
3208	56.94
3209	56.95
3210	56.95
3211	56.99
3212	57.0
3213	57.03
3214	57.08
3215	57.07
3216	57.05
3217	57.07
3218	57.09
3219	57.11
3220	57.15
3221	57.15
3222	57.15
3223	57.15
3224	57.17
3225	57.18
3226	57.23
3227	57.22
3228	57.22
3229	57.22
3230	57.26
3231	57.27
3232	57.3
3233	57.3
3234	57.32
3235	57.3
3236	57.34
3237	57.36
3238	57.36
3239	57.4
3240	57.42
3241	57.43
3242	57.42
3243	57.4
3244	57.4
3245	57.44
3246	57.43
3247	57.45
3248	57.49
3249	57.5
3250	57.49
3251	57.54
3252	57.57
3253	57.62
3254	57.62
3255	57.61
3256	57.61
3257	57.59
3258	57.64
3259	57.64
3260	57.68
3261	57.7
3262	57.73
3263	57.72
3264	57.74
3265	57.76
3266	57.76
3267	57.76
3268	57.76
3269	57.72
3270	57.74
3271	57.75
3272	57.76
3273	57.78
3274	57.79
3275	57.8
3276	57.82
3277	57.84
3278	57.88
3279	57.88
3280	57.87
3281	57.93
3282	57.95
3283	57.95
3284	57.93
3285	57.94
3286	57.95
3287	57.96
3288	57.96
3289	57.97
3290	57.98
3291	57.98
3292	58.02
3293	58.05
3294	58.06
3295	58.08
3296	58.05
3297	58.03
3298	58.05
3299	58.06
3300	58.08
3301	58.09
3302	58.1
3303	58.12
3304	58.15
3305	58.17
3306	58.19
3307	58.22
3308	58.25
3309	58.24
3310	58.27
3311	58.26
3312	58.24
3313	58.27
3314	58.3
3315	58.29
3316	58.33
3317	58.32
3318	58.34
3319	58.36
3320	58.35
3321	58.34
3322	58.36
3323	58.37
3324	58.39
3325	58.4
3326	58.44
3327	58.45
3328	58.45
3329	58.46
3330	58.49
3331	58.52
3332	58.47
3333	58.47
3334	58.46
3335	58.45
3336	58.45
3337	58.45
3338	58.46
3339	58.49
3340	58.51
3341	58.52
3342	58.56
3343	58.59
3344	58.58
3345	58.58
3346	58.6
3347	58.62
3348	58.65
3349	58.67
3350	58.65
3351	58.68
3352	58.68
3353	58.71
3354	58.73
3355	58.71
3356	58.72
3357	58.72
3358	58.75
3359	58.74
3360	58.74
3361	58.78
3362	58.79
3363	58.79
3364	58.75
3365	58.76
3366	58.78
3367	58.81
3368	58.82
3369	58.84
3370	58.87
3371	58.89
3372	58.93
3373	58.91
3374	58.89
3375	58.87
3376	58.88
3377	58.88
3378	58.91
3379	58.91
3380	58.97
3381	58.96
3382	58.98
3383	59.0
3384	59.04
3385	59.04
3386	59.02
3387	59.04
3388	59.05
3389	59.01
3390	59.01
3391	59.07
3392	59.1
3393	59.13
3394	59.12
3395	59.14
3396	59.15
3397	59.17
3398	59.16
3399	59.19
3400	59.2
3401	59.19
3402	59.16
3403	59.16
3404	59.19
3405	59.2
3406	59.22
3407	59.21
3408	59.19
3409	59.18
3410	59.15
3411	59.15
3412	59.13
3413	59.15
3414	59.14
3415	59.14
3416	59.17
3417	59.2
3418	59.25
3419	59.27
3420	59.3
3421	59.35
3422	59.37
3423	59.38
3424	59.38
3425	59.4
3426	59.41
3427	59.42
3428	59.4
3429	59.42
3430	59.41
3431	59.42
3432	59.46
3433	59.49
3434	59.47
3435	59.46
3436	59.46
3437	59.48
3438	59.47
3439	59.47
3440	59.51
3441	59.5
3442	59.53
3443	59.56
3444	59.61
3445	59.61
3446	59.62
3447	59.64
3448	59.66
3449	59.68
3450	59.7
3451	59.7
3452	59.69
3453	59.74
3454	59.73
3455	59.78
3456	59.79
3457	59.82
3458	59.83
3459	59.83
3460	59.83
3461	59.87
3462	59.88
3463	59.88
3464	59.87
3465	59.82
3466	59.79
3467	59.8
3468	59.81
3469	59.79
3470	59.8
3471	59.83
3472	59.83
3473	59.83
3474	59.81
3475	59.81
3476	59.79
3477	59.8
3478	59.8
3479	59.84
3480	59.88
3481	59.88
3482	59.89
3483	59.93
3484	59.94
3485	59.98
3486	59.99
3487	60.01
3488	60.04
3489	60.05
3490	60.06
3491	60.11
3492	60.12
3493	60.11
3494	60.13
3495	60.14
3496	60.18
3497	60.22
3498	60.23
3499	60.24
3500	60.25
3501	60.28
3502	60.3
3503	60.3
3504	60.31
3505	60.32
3506	60.36
3507	60.34
3508	60.35
3509	60.36
3510	60.36
3511	60.39
3512	60.41
3513	60.42
3514	60.41
3515	60.41
3516	60.41
3517	60.4
3518	60.39
3519	60.4
3520	60.44
3521	60.43
3522	60.45
3523	60.47
3524	60.49
3525	60.51
3526	60.52
3527	60.51
3528	60.54
3529	60.55
3530	60.57
3531	60.6
3532	60.59
3533	60.62
3534	60.61
3535	60.63
3536	60.64
3537	60.66
3538	60.64
3539	60.69
3540	60.69
3541	60.7
3542	60.69
3543	60.68
3544	60.68
3545	60.7
3546	60.71
3547	60.69
3548	60.73
3549	60.73
3550	60.72
3551	60.71
3552	60.71
3553	60.71
3554	60.71
3555	60.7
3556	60.69
3557	60.71
3558	60.71
3559	60.68
3560	60.7
3561	60.74
3562	60.75
3563	60.77
3564	60.77
3565	60.79
3566	60.8
3567	60.8
3568	60.79
3569	60.79
3570	60.79
3571	60.8
3572	60.82
3573	60.84
3574	60.85
3575	60.85
3576	60.84
3577	60.83
3578	60.84
3579	60.84
3580	60.83
3581	60.85
3582	60.86
3583	60.86
3584	60.85
3585	60.84
3586	60.85
3587	60.84
3588	60.85
3589	60.86
3590	60.84
3591	60.83
3592	60.85
3593	60.83
3594	60.84
3595	60.85
3596	60.85
3597	60.88
3598	60.88
3599	60.87
3600	60.89
3601	60.87
3602	60.86
3603	60.86
3604	60.88
3605	60.85
3606	60.86
3607	60.85
3608	60.86
3609	60.84
3610	60.87
3611	60.87
3612	60.89
3613	60.9
3614	60.9
3615	60.97
3616	61.01
3617	61.02
3618	61.0
3619	61.02
3620	61.02
3621	61.02
3622	61.03
3623	61.03
3624	61.0
3625	61.01
3626	61.08
3627	61.08
3628	61.09
3629	61.13
3630	61.16
3631	61.18
3632	61.17
3633	61.19
3634	61.2
3635	61.19
3636	61.2
3637	61.24
3638	61.22
3639	61.19
3640	61.21
3641	61.21
3642	61.25
3643	61.25
3644	61.25
3645	61.27
3646	61.28
3647	61.29
3648	61.29
3649	61.3
3650	61.31
3651	61.32
3652	61.34
3653	61.34
3654	61.34
3655	61.36
3656	61.37
3657	61.34
3658	61.33
3659	61.36
3660	61.38
3661	61.37
3662	61.36
3663	61.37
3664	61.35
3665	61.36
3666	61.35
3667	61.37
3668	61.41
3669	61.4
3670	61.45
3671	61.43
3672	61.42
3673	61.41
3674	61.41
3675	61.43
3676	61.45
3677	61.47
3678	61.47
3679	61.47
3680	61.51
3681	61.53
3682	61.55
3683	61.53
3684	61.55
3685	61.58
3686	61.59
3687	61.61
3688	61.59
3689	61.58
3690	61.63
3691	61.64
3692	61.67
3693	61.68
3694	61.68
3695	61.68
3696	61.65
3697	61.66
3698	61.7
3699	61.71
3700	61.71
3701	61.67
3702	61.67
3703	61.73
3704	61.73
3705	61.72
3706	61.74
3707	61.73
3708	61.74
3709	61.79
3710	61.78
3711	61.8
3712	61.8
3713	61.81
3714	61.84
3715	61.82
3716	61.83
3717	61.83
3718	61.86
3719	61.88
3720	61.88
3721	61.89
3722	61.91
3723	61.87
3724	61.89
3725	61.9
3726	61.88
3727	61.86
3728	61.87
3729	61.92
3730	61.93
3731	61.93
3732	61.95
3733	61.98
3734	62.02
3735	62.04
3736	62.06
3737	62.08
3738	62.13
3739	62.12
3740	62.12
3741	62.08
3742	62.11
3743	62.13
3744	62.14
3745	62.13
3746	62.12
3747	62.11
3748	62.11
3749	62.12
3750	62.14
3751	62.16
3752	62.18
3753	62.22
3754	62.25
3755	62.28
3756	62.29
3757	62.28
3758	62.28
3759	62.3
3760	62.29
3761	62.35
3762	62.35
3763	62.35
3764	62.41
3765	62.45
3766	62.41
3767	62.41
3768	62.41
3769	62.43
3770	62.42
3771	62.43
3772	62.43
3773	62.43
3774	62.44
3775	62.46
3776	62.47
3777	62.44
3778	62.43
3779	62.44
3780	62.44
3781	62.39
3782	62.41
3783	62.43
3784	62.44
3785	62.45
3786	62.46
3787	62.45
3788	62.43
3789	62.46
3790	62.51
3791	62.53
3792	62.53
3793	62.56
3794	62.58
3795	62.57
3796	62.59
3797	62.56
3798	62.55
3799	62.51
3800	62.53
3801	62.56
3802	62.6
3803	62.59
3804	62.62
3805	62.62
3806	62.64
3807	62.66
3808	62.69
3809	62.71
3810	62.74
3811	62.75
3812	62.81
3813	62.83
3814	62.83
3815	62.85
3816	62.84
3817	62.83
3818	62.82
3819	62.83
3820	62.82
3821	62.84
3822	62.85
3823	62.88
3824	62.9
3825	62.91
3826	62.92
3827	62.92
3828	62.92
3829	62.91
3830	62.93
3831	62.92
3832	62.94
3833	62.96
3834	62.97
3835	63.0
3836	63.04
3837	63.04
3838	63.06
3839	63.05
3840	63.07
3841	63.07
3842	63.09
3843	63.08
3844	63.1
3845	63.08
3846	63.11
3847	63.14
3848	63.16
3849	63.15
3850	63.13
3851	63.15
3852	63.18
3853	63.2
3854	63.2
3855	63.25
3856	63.25
3857	63.26
3858	63.25
3859	63.25
3860	63.24
3861	63.26
3862	63.24
3863	63.23
3864	63.23
3865	63.23
3866	63.23
3867	63.24
3868	63.26
3869	63.25
3870	63.23
3871	63.23
3872	63.22
3873	63.23
3874	63.26
3875	63.28
3876	63.28
3877	63.29
3878	63.29
3879	63.28
3880	63.3
3881	63.31
3882	63.34
3883	63.35
3884	63.37
3885	63.39
3886	63.44
3887	63.47
3888	63.46
3889	63.46
3890	63.5
3891	63.49
3892	63.52
3893	63.55
3894	63.55
3895	63.53
3896	63.61
3897	63.6
3898	63.63
3899	63.63
3900	63.62
3901	63.64
3902	63.65
3903	63.65
3904	63.66
3905	63.66
3906	63.69
3907	63.69
3908	63.71
3909	63.72
3910	63.75
3911	63.75
3912	63.78
3913	63.76
3914	63.75
3915	63.72
3916	63.72
3917	63.74
3918	63.76
3919	63.78
3920	63.77
3921	63.79
3922	63.78
3923	63.79
3924	63.8
3925	63.8
3926	63.8
3927	63.82
3928	63.88
3929	63.9
3930	63.92
3931	63.94
3932	63.93
3933	63.95
3934	63.97
3935	63.95
3936	63.97
3937	63.98
3938	64.0
3939	64.0
3940	64.01
3941	64.05
3942	64.07
3943	64.06
3944	64.07
3945	64.06
3946	64.08
3947	64.07
3948	64.07
3949	64.07
3950	64.06
3951	64.06
3952	64.05
3953	64.06
3954	64.06
3955	64.08
3956	64.1
3957	64.11
3958	64.11
3959	64.13
3960	64.13
3961	64.12
3962	64.12
3963	64.11
3964	64.14
3965	64.17
3966	64.15
3967	64.15
3968	64.14
3969	64.1
3970	64.11
3971	64.11
3972	64.11
3973	64.15
3974	64.14
3975	64.14
3976	64.17
3977	64.17
3978	64.17
3979	64.18
3980	64.19
3981	64.18
3982	64.21
3983	64.23
3984	64.23
3985	64.24
3986	64.25
3987	64.28
3988	64.27
3989	64.28
3990	64.31
3991	64.32
3992	64.32
3993	64.37
3994	64.4
3995	64.41
3996	64.43
3997	64.46
3998	64.43
3999	64.43
4000	64.44
